314 716
3562 6605
6574 9131
930 1418
1961 6249
8046 8057
9316 5585
9119 3428
2265 4814
434 898
7848 7236
7372 4492
6990 5649
5813 5503
9727 1412
7132 4368
8081 4571
9322 7246
2220 6961
2907 1660
8594 1284
9852 3493
3793 4032
7652 8753
5744 6510
2856 4690
9985 9781
8011 6323
4282 7063
6868 1013
1537 6209
2692 7166
5359 9230
3426 4249
6464 9668
6429 1219
9863 7017
375 8556
6524 3619
7031 7757
650 6995
1746 8014
9333 3424
5639 4241
8970 1052
95 7032
7820 4992
300 6451
2469 3794
8469 3289
7921 4346
5847 2772
8876 7103
5345 2287
658 2579
4794 4536
7861 3307
5815 5560
7626 4189
5783 9405
4408 6264
2157 3593
5057 6508
3352 4018
4988 5645
4520 606
9566 285
7854 5092
6695 2930
6253 1929
8953 1782
9904 870
2624 4895
1164 6414
6312 3487
4217 3196
5455 2036
6483 1630
1554 3782
1835 7973
1682 4273
8442 2340
9191 7670
4055 7856
3390 4428
8549 4598
4092 7773
386 4765
4721 8241
4007 9018
235 8726
5580 7695
1113 3788
4238 7881
3483 9979
2477 6590
7903 1840
7467 640
1291 8591
1856 4985
8357 4802
6573 3737
7131 4095
8 7467
5087 9436
9182 12
4290 8261
8189 6799
4421 119
5712 6171
6959 7996
7147 1568
9244 2450
294 5032
682 5198
1942 2208
522 1331
3226 8444
6237 206
3922 3720
8468 7704
9325 594
2996 7344
6137 5795
4228 8661
8627 4147
6277 7074
1078 1429
4460 6893
1489 6099
3722 9685
4884 119
2758 9611
8263 215
3529 2291
2221 4797
7443 560
5309 3483
8645 2931
2302 3703
1455 9264
7951 5123
9774 2056
9709 2963
1023 5963
2243 8685
6798 7728
4178 3626
3625 9935
7566 3630
7537 106
5888 9435
457 5213
8081 2880
326 9988
9515 8508
6417 168
7965 1396
5271 4603
6233 223
8595 457
4076 8027
8180 8652
9504 2500
5695 5400
1091 2307
9260 3088
1439 8924
6459 9052
7671 7094
5956 7949
6845 5613
5250 2588
9098 4252
1632 9874
385 157
9018 3682
478 3101
8625 7024
6394 4854
7526 2182
9849 5233
4823 1843
9556 6073
2555 5078
5309 9642
4440 1385
807 578
2729 1422
832 6202
6151 2879
7105 7524
8100 6398
9374 2056
6859 5735
9452 9350
5967 228
3992 7410
9428 9628
7774 7972
9941 588
9320 3410
6174 8947
3992 1162
9158 5064
9737 6834
7257 2753
8308 2290
9076 4116
1118 7734
6611 9640
7320 4802
4900 8877
1591 4245
2087 2171
2764 1475
3007 2865
6719 4567
4061 8384
9712 1597
7971 7862
4158 4007
382 8821
3325 1004
5411 623
6901 128
4780 266
8160 8262
1184 5943
5329 7867
6682 4376
5730 786
6120 895
8515 9966
3355 7204
6219 6537
7561 4928
2931 9716
2467 9082
6072 1406
3766 1560
1536 3598
816 6897
5774 6974
8224 6014
7552 7435
2879 347
6472 9510
8819 2063
6418 8378
84 7977
1966 4254
5615 1340
2789 8303
5166 6616
8190 3763
6184 8207
1019 4950
9292 3346
9378 9397
2332 9945
2930 5799
1032 6486
9041 4039
9822 5260
6696 2638
8567 1371
2001 5316
6219 4707
4746 672
7760 7648
9844 6251
8379 3627
8768 5677
8559 8203
4739 9551
643 4656
8659 6684
6412 7671
2474 2748
9888 6398
5494 1242
9718 1823
9155 8309
4506 9293
2451 4389
723 7924
6888 351
5051 299
863 3656
4913 5323
3456 7428
9225 4501
9936 6523
2071 9055
5003 1958
9398 2698
1790 8686
3139 6837
3228 1345
8400 3647
3200 1094
1084 3318
7778 9908
7270 3556
5404 4112
1973 9111
248 6070
5329 3836
2975 5651
423 3214
6554 5091
6361 1988
5237 3385
4080 3834
2892 2243
8585 7877
5876 9086
4005 5891
556 7810
4397 8879
1268 2070
5619 712
4891 7752
4088 1250
8523 2968
4776 1027
5805 5111
6028 3167
2130 9680
4802 8779
1676 3806
2073 7810
7057 5931
1837 1289
1103 1953
8047 7511
9756 5387
7585 2097
62 4319
4740 9177
7851 5778
17 2528
6613 6112
3500 3836
8155 532
933 5975
7557 5888
7903 8965
7645 234
2318 962
926 6912
3045 5679
3477 1687
666 4768
1028 7347
6171 7417
4519 9064
9488 7794
4725 1458
7206 6223
9552 8611
1551 2587
3182 6637
2731 8493
6605 8829
8405 6257
5606 4547
9776 4284
9927 8721
3010 2380
6582 1779
8288 4254
9163 1795
5254 2756
5872 826
3635 607
8947 1280
3578 4904
2795 1991
4701 5662
6896 4456
8825 153
5617 3694
4555 5920
6261 8566
2601 4200
3690 8348
6662 2854
5418 5448
4797 2899
974 8794
3283 2127
5226 2907
1878 7351
5030 4363
2484 1467
3069 2940
6614 3774
1959 4277
399 8001
5823 6676
2293 5488
8705 6881
3933 8313
8909 3061
3907 4907
4088 6979
9634 8196
584 1742
186 3982
4955 1428
8204 1586
8155 5845
7283 9572
7364 2624
355 2643
723 2779
9794 2846
2202 6466
2772 2638
9080 6785
6882 5203
7492 7863
3448 7048
5058 2482
7433 4434
6780 911
4604 9851
2431 5492
3763 5265
5053 6763
8 2341
8274 4528
1197 382
7843 1923
4770 5123
0 1028
4035 8121
6201 2092
7730 7028
6250 4437
9916 7997
7715 8842
5207 700
7577 9836
6841 4796
1527 5190
8729 2255
3309 3578
1848 432
2071 2218
3143 5029
2441 459
646 6837
6169 5886
5528 1942
3837 8430
3379 4628
9501 3919
4087 5594
2741 8902
5078 8130
3715 9605
3186 9481
9859 4887
2127 1412
8467 6497
4972 2331
6592 6047
2897 7367
5509 8072
9298 1402
1439 3888
3989 4189
3164 3703
2100 6305
528 2100
5429 8162
8626 4573
5409 8481
4331 3273
4182 4053
205 4821
3136 7428
4301 7692
337 1917
506 5583
6619 1811
9524 6988
804 513
5536 5269
2652 9481
8384 4855
3455 396
6498 8923
8058 2894
3420 6381
8355 9118
6537 9869
2784 7924
4971 8919
4636 2386
326 9370
6803 5617
7568 857
4951 8908
5547 7608
3918 9467
4180 9136
8953 6181
3794 5068
5071 4603
5806 2924
5260 6737
1989 2457
1516 6860
8984 441
7385 3366
9804 4629
806 7409
5486 4683
3109 2857
5835 8
8418 5278
8392 2863
9693 2853
8649 7894
72 7242
8237 3730
3602 5266
5940 5363
3664 9505
9735 7890
7272 6759
9185 7054
4694 1961
9682 9204
6343 5945
127 5702
6594 3836
4455 474
4615 9641
8625 504
4362 7465
7309 163
9485 8944
1542 4814
1884 9678
4244 9490
4398 6078
4555 1708
480 9591
3712 9048
7722 9974
304 368
6618 8828
6089 389
2746 1023
9293 6113
8627 5778
1662 6566
7327 6384
3113 3439
8266 1807
1996 8761
68 3085
6804 9178
1834 7924
8232 9514
3385 2825
2601 9004
8700 3335
1279 5660
7773 2969
2652 8596
1303 4693
992 7247
2141 5354
773 7379
1902 4126
417 6040
9648 6055
1365 3548
1851 5939
5526 7918
1753 2185
3956 2179
1914 5371
8446 8030
4239 3254
7641 8511
9384 7671
757 2176
9522 7031
8999 2982
175 6816
6254 1162
883 70
2920 7176
4222 7747
516 597
4008 224
1605 8694
5813 1992
1620 4003
2137 7944
9342 2634
659 7206
8982 3982
65 4774
2170 4912
7480 2912
596 1130
554 8483
5921 6905
7315 5298
4315 2771
2394 6392
636 7924
7512 5825
2380 9692
4352 6566
1587 8271
4506 2683
477 767
2597 324
2899 107
5257 8484
3282 3285
5447 2219
293 7810
5456 6691
5372 1370
8285 2376
3788 398
1294 412
2247 8005
9260 9727
196 5566
6946 4188
7548 1622
2062 834
8009 4644
7891 2921
2534 4681
2384 4012
6668 260
7855 7311
918 1015
350 2986
3893 1664
3150 6400
717 9310
5466 410
4546 8025
1101 6699
1742 4891
9408 1234
5937 6834
5413 9967
624 5533
5541 4414
2928 6923
5604 888
8346 1220
5175 6251
9272 365
1329 7216
2421 3336
4413 1056
9509 2151
5324 8664
4619 8921
9334 6467
7134 6834
2681 383
3741 2649
757 3198
6298 4986
7720 2055
5940 8620
6072 1331
8522 6604
5083 9192
4901 9309
5508 5995
6498 4680
236 7632
401 8488
1165 2388
8509 1978
5167 9689
7078 5267
8143 9131
7439 8754
3078 2931
2540 8781
8280 2421
9861 9265
568 509
2247 9955
2047 3880
7405 6943
8640 5087
9852 7327
2969 2697
2479 562
6241 4932
5179 7528
2750 1696
9743 4816
7303 8514
2887 450
2815 1161
743 7501
2993 580
5301 9057
3969 4255
2206 2858
7543 2723
5902 2728
6037 7942
5354 9663
5501 5189
1651 1279
1001 2182
8006 5672
5508 7260
3728 9349
7586 1494
7029 809
2544 4489
6522 3873
457 9417
6487 9129
2487 1463
5731 1312
9480 4920
3044 1041
2961 4610
1075 243
2850 2657
88 6582
4430 2586
1389 5469
9565 9958
1516 1673
7311 4840
6179 4479
5465 1047
7798 5508
2971 1058
6521 1264
3611 2614
8919 6202
4678 4346
5867 4073
7272 7837
6347 8637
9428 3897
4562 8209
9231 6437
5648 8947
7230 8444
8297 5605
9443 3109
5632 7938
899 7701
8005 2080
984 58
2999 9792
8061 6022
6012 5639
5329 4851
1209 6902
9995 4180
7169 1408
4070 1914
1234 871
7509 933
9115 3490
8053 4411
5946 9694
1076 6628
8668 1685
6037 7975
2813 8791
392 8005
2355 8279
4711 5861
607 1328
8693 5579
7864 657
7282 4679
6600 7352
3069 8748
6897 7194
3307 3229
6302 3752
3053 7104
9310 2620
8057 147
4958 3015
5053 1737
5360 9720
9395 9850
6941 738
4043 1882
8204 1516
8223 8301
1282 155
4872 5726
9347 7936
1480 1193
9489 6293
7729 4709
8568 3249
948 4623
2506 3909
5241 8134
576 2143
7235 6770
5387 1004
2219 1657
3016 988
1206 7747
5752 3898
813 9267
1689 5647
490 6924
7111 6819
262 8009
4507 9189
2722 5530
3192 9560
2446 6060
2140 3178
4706 9409
7569 8410
7526 7544
8527 2021
8715 5804
9584 8449
9350 5955
1968 1948
792 3008
9926 3343
1521 9614
6540 28
6808 1150
270 4162
2506 2248
3963 8746
694 3223
8097 9600
9008 9891
7887 2716
8320 2863
7125 3568
4759 158
2208 6039
3223 5486
6199 1652
172 1095
6991 8111
9091 5812
7638 1613
7335 4118
9411 4146
5772 6120
2575 6435
8166 259
870 4160
4500 7045
9167 439
2097 5765
9217 9942
8604 1163
578 7419
490 5591
5473 3850
9544 2083
416 3683
3026 965
5918 7707
2680 2274
518 99
9016 4753
7282 2538
6730 8908
6983 2819
9699 2950
7127 2577
8773 3572
3941 7320
5571 5508
7323 7714
3888 1965
8156 6614
6730 4962
1585 4518
4636 1888
6604 3820
2406 797
3668 1600
1919 1368
7765 8857
6993 9888
4769 2215
1948 7707
7895 1066
8499 4202
8487 3592
6634 6041
1465 8386
9649 3910
9512 2622
5524 6963
1838 1325
8950 2717
7694 9236
1371 6307
4138 2964
8122 4657
6837 9609
5371 8606
2204 7458
975 1575
3686 8667
342 1146
9771 4570
5259 5106
8945 208
6699 2654
5571 4419
2378 2494
9177 7820
5867 5299
6428 3903
3883 4646
5698 8082
9209 9937
6933 5762
4904 4238
8284 6431
485 1875
4697 3735
2292 8735
4983 7081
8795 1859
3952 1233
7677 9765
3711 943
3518 7590
9889 1478
1443 448
9913 7025
6430 6178
5882 4668
7936 7780
8689 9612
9586 5860
6006 5946
1960 8705
3778 6632
813 4808
8142 6853
415 9485
8248 7997
8483 4803
6080 3785
4493 2661
3626 6923
8754 8619
8477 4955
6649 6811
3888 1427
2624 2273
7765 3947
5185 3267
9966 8908
911 5612
8467 6769
1454 5100
1156 143
8325 5827
1610 4476
1927 1732
7039 2542
3474 9776
8551 5144
6599 7954
1249 3301
584 340
211 5212
7994 3747
1460 2375
3533 346
9122 4059
9599 3160
9230 7290
8681 3999
2417 7508
9551 2154
1022 7513
4705 2545
8110 6470
9838 5767
853 2229
1728 7659
4324 4139
7884 704
6876 7031
2148 3896
3427 5044
2102 7852
2891 146
1392 2966
5834 2603
6048 6548
4162 74
477 314
9019 625
7727 1941
7967 2202
1391 2863
2327 4802
5039 9292
3784 3789
6113 5750
