4 1000
1998 1148
6777 6042
933 3993
6384 6371
7401 2359
2255 6538
9697 1320
4994 174
7312 421
6424 3203
2905 9162
4828 2393
460 2186
4629 1672
1702 6132
2003 7977
56 7648
9626 9318
9158 5923
6126 6474
4920 532
3028 2300
7475 3505
5246 8556
5734 513
2126 5600
2172 8428
5736 3222
532 6162
5503 2577
6361 5763
7152 3355
686 3194
4619 129
1346 9553
1089 9800
5005 4259
4167 1580
1300 4856
2357 8376
4843 9234
7582 7241
5388 6965
6954 6051
1499 7358
4208 7624
9130 8705
5407 8101
4161 2943
2772 5929
607 9301
7146 2121
772 9070
5275 4690
1798 1303
7502 9352
2501 3164
2828 3483
9434 3150
4995 8341
3708 914
1720 3023
6651 5911
3167 1596
8638 6229
685 9738
4455 1320
649 5306
5618 2550
7764 8933
3258 9275
2962 5105
7813 3739
1737 6384
3677 2377
9926 148
6751 9414
1195 2815
4942 3591
2061 3913
28 930
7617 5441
3482 8871
8911 1214
6001 7125
274 3228
9441 9474
4046 8193
8283 1007
9178 3486
3880 2508
6068 7110
7890 3178
8807 7873
2957 8597
3417 1623
1606 7048
3509 379
2772 3110
6451 2379
1627 2996
4254 3229
4255 5533
1326 4981
1423 682
422 7753
7489 2881
1301 6791
1704 6654
4074 4084
7680 6950
7736 621
5206 6168
7251 3947
3810 7229
5085 1931
2568 5088
4933 3394
2314 8579
9108 934
5797 3677
6165 8854
3154 2453
6192 9834
2040 3026
737 9690
8660 2283
3214 9572
890 3878
2720 7537
4216 9698
8915 3222
2363 760
1078 5334
4978 4507
1587 6048
1992 2076
7381 5565
9898 351
2398 6390
8535 3048
7795 5234
7880 6737
1930 4662
3860 4075
8168 85
1002 4629
1002 717
5560 4559
7242 7772
6305 7671
6189 1068
5514 9172
5286 3575
7718 8368
2833 5734
7969 9797
3441 8000
8104 6694
2772 7963
7504 3137
3315 4218
3790 7761
933 7779
9888 5357
8220 7860
2589 8730
8113 4160
9247 8464
9329 9681
158 6871
8927 9219
9239 1660
953 7077
3162 2216
7895 5583
6310 1422
4908 1891
5576 2269
9762 2171
2875 492
1694 3900
4833 6468
602 5301
8839 8712
7242 2301
5174 9274
1350 2527
1855 5422
9656 3330
2183 4374
7400 9171
2643 429
1040 6998
9465 3613
4901 19
6667 8180
5431 1479
300 5810
7735 7480
7665 3243
7108 8806
4443 2238
6370 8832
5540 3084
3655 7258
642 7372
3180 2605
6115 5912
8930 5157
2410 7650
6589 1755
1368 4808
681 106
155 987
8349 5914
5189 961
5116 485
5301 1432
2612 3797
9598 659
8127 6373
9849 5133
4855 6720
5892 3283
3462 6818
5711 3041
3414 3108
1243 1168
4793 4337
1587 4928
7456 4524
293 8410
5990 3840
8622 8483
5090 3043
8558 2920
4749 2471
918 1303
3227 8904
8320 4538
7181 4476
7615 8186
5334 3970
3734 2767
9033 7215
1447 3281
6764 9639
3876 1114
6906 4530
6871 8629
9629 8246
5842 7141
1404 1822
1045 9552
9661 646
8513 6172
7103 1215
9781 6641
1863 215
2298 6225
1220 2925
9843 5795
1768 2411
2493 418
7358 5809
3417 4457
3838 9585
4517 3609
4598 6597
1370 7025
3924 8214
8896 9470
4502 8195
8192 4167
2012 366
5477 6800
5545 2259
5683 5785
9589 7100
9013 6579
1999 4892
5206 9102
6741 1918
587 4312
6379 461
2806 3508
9692 5579
1016 8176
6442 3004
366 1242
9062 4406
8271 5496
1128 9341
3603 2891
9656 729
1663 600
2350 6168
704 1855
957 2016
4752 4989
8945 4142
5622 4671
7034 8864
4028 4631
5952 1002
4078 4261
3585 2379
794 7899
4746 6758
2443 5078
3344 4861
561 288
8969 2306
7935 3198
7734 4885
7150 865
4971 3783
5570 2200
5166 8132
3267 772
8279 2042
8697 1058
418 4315
2568 336
2661 8922
8124 6256
2878 6133
819 2167
1869 5706
2562 3173
6264 935
2911 172
8190 8122
5310 4327
1887 8687
4077 3639
8574 8400
3567 2883
1468 2444
7213 8060
2795 6557
5008 9670
9505 4144
5123 221
4777 9760
4514 8314
4053 2947
516 4138
7919 8361
1178 7172
4734 6213
3277 5939
2319 9219
8698 5194
5271 2779
3001 4912
4844 3869
9881 4457
7921 7153
4996 7813
742 6685
1059 823
8277 8334
2936 6479
7072 788
7194 9060
6507 8233
2525 5376
5271 8206
317 891
3733 2626
7562 5249
8777 8426
5091 8727
7473 2576
925 6495
5382 427
994 6434
335 3567
4474 5871
8704 8584
8489 1160
6211 4021
4884 2377
7491 5339
3340 5985
5164 7369
2413 913
3196 1222
9515 959
7198 9192
7085 9204
9435 5187
6565 4258
3505 6319
1869 5641
5232 2381
5734 1909
6110 964
6030 7240
9674 8789
9292 6285
4145 8092
7043 691
5241 2635
6497 7084
569 4233
6055 2126
1311 5600
9138 956
3451 3031
7667 3688
1778 7041
666 6983
1968 6629
2910 5006
4236 5886
5225 9702
1221 2923
3719 3031
3782 8890
8720 3727
8256 401
8455 176
4186 9615
4064 8665
8478 4124
7603 339
2869 720
399 1372
9991 7974
837 8475
4892 7624
6125 1361
1853 1674
2992 2984
807 970
107 5212
7476 4844
5333 546
4738 57
7230 5521
9091 9194
1009 8482
5999 8511
5539 7760
4903 570
2487 2067
5462 7893
4890 7519
3713 5824
5014 8215
4370 9375
4214 7415
246 9788
2417 8725
9978 9696
8332 6489
4907 2207
2764 2663
4536 4606
3411 211
8101 7738
7794 2584
5950 8226
1209 9166
3161 1986
9219 5969
2832 5913
4230 1843
9119 2399
7374 1467
9140 9862
5282 2624
8834 4998
1260 8555
2140 553
4698 1828
2749 9418
2811 739
4897 2132
4041 547
405 230
5320 1816
4028 6378
9728 7706
3645 2195
9145 670
3831 2352
6454 2905
4843 6463
9981 2086
9068 9221
8152 4420
7421 9992
2103 6492
3584 793
7472 4015
8205 3296
8933 2912
2217 6023
3718 7965
1019 7182
9793 276
9076 7553
1131 368
5016 6627
3543 5047
769 5558
9061 4020
7798 2342
2164 391
2206 3573
9935 4634
2265 766
1387 8360
2969 6498
1779 5585
6137 9550
601 6739
5797 9849
4939 502
6993 4945
5432 6480
1768 7803
4020 1856
7196 528
5364 3935
8489 4504
8392 6352
3936 4179
817 4746
6104 1908
4 8766
454 7507
1565 6220
8290 7259
4243 4124
7514 6114
7188 4841
4861 901
251 8716
6837 5747
4334 4407
9858 9037
9479 5393
5495 2705
2893 9568
2045 1173
7369 6341
7532 4122
1890 6005
4799 5177
3255 791
4213 3159
7569 5104
8161 7267
8015 3740
4922 2480
7253 6284
8669 4081
3244 8771
381 5001
1667 7522
7530 1423
7417 2361
5817 9072
4647 4472
6483 70
8708 7732
9224 6105
8753 8182
1898 5097
8373 2052
409 4341
7199 2065
2012 3529
2299 9000
4262 5897
8957 5773
1699 2119
8751 1672
3916 2781
7991 1690
610 7630
7377 7147
2518 20
1740 7607
6661 4840
1679 7110
2166 1932
3 9503
9534 6058
6326 9108
1549 9533
1166 1380
6274 9183
9901 1626
6733 8038
1876 5544
9282 2764
3327 444
1111 4380
7864 5399
5108 8465
7416 4539
3631 8933
3865 5490
7905 3945
5201 8005
9469 2293
9914 9153
8623 5005
3773 6353
1754 3480
3233 6397
8231 8573
5767 3822
2201 8656
2252 2383
9546 4882
1476 8405
3261 4625
3355 7215
4374 6675
4967 5974
2318 5066
866 8719
1528 8399
9258 3521
9315 2470
7233 7053
2942 8597
7809 848
9126 7226
1145 6483
841 9836
7308 8515
5393 3409
3121 9628
9928 6736
1536 1829
3101 594
7914 3733
8596 219
9671 5736
9619 2767
3095 1698
8162 5291
8768 5714
4874 4393
8205 1404
8522 5629
8910 4910
5383 7104
65 2206
6874 8425
3007 8914
2913 4439
8481 913
3855 5369
5286 3790
8116 2056
2002 5714
8895 7982
4424 1450
7171 9443
6035 6161
8075 5919
3481 4565
3178 8008
1458 115
1924 9278
4460 7590
1244 2509
2020 2418
9589 1405
6457 8738
2229 8815
7591 5423
461 4344
7625 1651
5898 2714
941 3347
6632 8733
3640 3942
8645 4586
1452 152
4617 1251
6870 3264
483 137
9108 6862
588 2356
9807 9496
8443 8103
6032 7682
7375 480
8836 324
1103 1937
9282 965
7141 1675
5020 801
6682 8786
6962 358
6945 9717
8071 9899
9172 5466
2730 9797
1865 6689
4530 7475
8195 366
3631 3916
6450 1858
6059 1410
2092 3946
8301 969
964 5350
4514 451
4460 6533
3639 3639
1930 7513
7175 2160
7655 896
4267 3543
4185 6483
1571 7236
8920 7143
272 6442
7533 8909
8284 1029
14 6134
1023 2742
7018 3634
2713 9261
2193 9276
4520 8776
4412 2142
9497 6717
6224 2857
5974 4895
9021 8544
6327 3537
4336 8966
2576 5699
7922 206
6158 8702
9249 4355
1138 2585
9047 2794
442 4266
4529 706
185 9730
5161 3740
8718 8949
9032 1064
4202 7386
8784 8714
1393 7200
6084 5622
7944 6948
9383 8234
8066 4536
7138 229
632 3112
3360 3702
6319 5200
4291 7217
570 218
5875 690
7614 3603
6079 2089
6495 6862
9726 2855
1130 4101
7633 3314
6684 8775
8822 4310
3597 9570
6305 5092
3747 3384
4905 6772
3551 9587
7554 3685
999 8869
7470 4335
7981 790
3360 7218
3747 5416
2500 7109
3678 3029
9950 2182
1252 4593
4179 5333
2881 1301
2169 2823
4534 6517
407 8288
906 7321
7445 8194
7989 555
1587 3489
5724 488
2024 9028
6907 320
2420 1
1063 3677
3751 1467
6708 9010
4220 9353
7959 4142
9650 5952
9534 2532
6955 5458
7822 2761
2041 8043
3132 5062
9502 7953
5774 1802
2078 7851
731 5369
7971 7420
5090 8244
8542 2806
125 2091
114 2175
6766 6017
995 8722
3645 8361
3888 8372
4735 4351
3186 4439
5475 7297
805 4049
5032 9499
3122 4024
486 3956
9467 7124
8512 7568
7060 1203
20 5260
2887 7408
9140 4000
163 7270
4805 4169
4029 3693
4646 4005
5294 6007
3361 2651
9502 3682
5145 5049
874 7580
7219 1900
1613 1361
2361 6952
9278 7234
4975 7030
2856 9427
5077 6544
3258 7717
16 3896
246 2545
5475 1060
7032 8248
8284 9041
8451 5240
750 7359
9827 3187
7801 2737
4247 7444
5732 9699
1481 144
5818 9787
9375 866
7497 1235
9615 1772
9359 8313
7693 2868
1765 3472
8103 4015
4833 2314
96 6252
4280 7213
397 6478
8025 2055
958 2968
3923 7596
3357 4477
9150 8836
2953 5941
4144 3559
1956 5038
1912 2903
2657 9325
4528 8396
2080 7313
9268 4004
7412 4317
2812 759
7558 4442
8649 9433
1054 6737
5720 3721
8964 1393
8785 5638
1488 4625
2959 8519
1860 7016
6024 3800
5596 439
7699 5057
8361 1300
8797 2825
1773 7956
1502 8643
7932 411
5847 1833
1577 4679
6332 8575
954 424
4626 9566
200 5475
5753 28
4105 1785
8909 826
6347 6468
8107 190
8206 9971
2601 556
7367 3499
4910 3200
4760 6096
7254 1762
4973 4901
1458 941
7904 535
6943 8445
8100 748
5581 2364
9202 2978
4797 9390
8022 8060
3471 8257
9379 2810
7681 4476
456 9998
8328 4651
8873 2083
9773 2953
4585 3615
6369 8727
6016 2416
6766 4968
3961 6998
226 9133
8840 9661
3355 6038
391 9587
2677 5303
9017 5069
3963 2804
4499 9317
1079 5735
3813 6254
141 9784
6610 1212
6775 6997
8282 9281
3015 1695
684 5734
938 168
3840 6634
5940 6588
1489 3874
3554 5691
4102 3325
7709 3128
7727 9257
448 6564
882 7695
5494 8650
4710 7198
7788 3071
1232 9140
8509 7140
5175 6515
3419 2182
1959 1125
7468 1416
9001 724
3275 7817
740 5214
8310 4413
603 3411
9608 7709
740 2451
4484 3893
8534 3862
7798 5314
8906 681
4814 3289
4505 5275
7023 9408
8845 6568
