1000 1000
561 3958
9276 6996
407 7306
5029 1914
48 8794
5444 205
3030 4459
6353 846
9589 8347
2882 2706
4300 179
3385 7347
4036 3373
5956 9516
472 5805
9690 8221
440 3766
9458 3690
1049 9065
881 3797
7889 7932
904 4911
2699 3794
8498 7758
7826 1894
9543 3801
7000 7696
5951 8365
5893 6657
5978 9041
8788 8721
2201 3132
6925 4070
9020 130
4288 9513
1687 5989
436 9195
2939 5040
3457 7154
4955 822
3130 591
3294 3815
718 6748
2389 7921
1170 3747
821 5423
2775 738
8259 6162
9513 4197
7928 6648
7673 9074
1609 1963
8257 8063
6978 2757
2483 8311
1975 6965
911 52
8937 5225
4014 3327
5146 8118
2026 5482
4114 6375
966 6614
7511 7488
3686 6756
9819 3264
1657 7859
3016 4897
5422 9385
2006 186
51 2225
2410 3518
8755 1776
5701 8832
6212 6221
5797 8366
6810 2172
1217 7688
2518 6167
7984 7535
7699 7778
3953 1117
8205 3171
6682 4388
1142 900
5873 6146
1087 127
1293 7128
355 7513
999 2503
1422 6042
5398 2045
2421 6491
1184 9322
9438 6635
1861 925
3755 3189
8733 7256
4332 3795
6745 4854
4366 3223
4464 7198
5233 5044
7854 7331
9643 6694
4787 1176
7203 4405
5209 7663
8158 9474
6266 2189
941 8349
4290 2387
4447 6594
2369 2197
751 7894
7162 1802
3737 7725
130 1289
9240 3752
9709 8396
8775 6094
6069 1726
9137 4123
7187 9575
5684 1486
9798 2537
2963 5500
5575 9018
8107 7746
7734 4313
6886 4819
709 9365
2350 8295
4819 4617
8029 2756
7409 7843
4606 6060
6822 1887
6092 3747
8547 3543
5595 9628
3656 242
7680 7440
9052 3984
4380 9108
2229 850
210 3315
8858 3640
6421 1555
9444 7846
5139 4316
1928 4852
6398 9660
3217 3789
5828 6256
9493 8817
77 6416
7904 1957
9418 1720
200 8155
1312 8813
3712 4749
6597 3122
7688 6863
2522 4769
9391 5046
8794 3752
5008 6691
6146 7491
8543 1839
9546 2023
7065 4779
428 8996
1568 3450
8499 1819
6056 8243
5279 5027
7618 352
295 4991
6998 4046
53 4423
3055 5560
7598 5655
8297 4469
5840 8158
8113 9895
6715 9127
4591 141
344 2183
6562 4284
2650 9325
6067 7173
190 8560
8189 9845
3914 2576
8080 8521
5012 7859
6293 1311
8809 3751
277 1881
3698 6548
75 5110
8429 1189
8283 7109
396 5095
6322 588
7434 2353
8925 6955
7106 9498
5542 8573
718 7258
3113 6316
1117 3528
3789 4651
6339 6642
5222 8158
4194 2908
165 2220
6855 4354
7836 5901
7662 6608
1226 4930
7149 3898
2839 6734
5897 1524
6647 1418
9051 575
8350 6657
2379 2350
5192 7947
1704 1382
3719 5715
4432 2429
5855 5335
9819 2454
4263 9827
5321 7394
5541 6389
1893 7242
9446 1568
5965 2002
72 6743
4514 5702
217 8986
8066 2523
965 9912
7919 6238
5232 6362
9835 8189
1968 1226
6964 3791
6713 8480
9328 490
6678 1946
1583 5971
5014 9226
5195 6924
5398 1137
2238 8220
8009 2999
458 5953
3727 8513
5243 8485
6276 6803
1063 7655
844 385
5304 4970
9455 1830
3517 3566
5395 8450
2191 6949
3265 7903
9593 326
5121 8358
676 6752
1122 2988
388 6720
7624 8204
7266 4685
9691 5242
7515 8838
7092 3812
832 2864
8627 3211
7528 704
5461 1903
2828 8398
9053 72
3080 2816
4618 7164
2489 6539
5553 8894
8249 2382
3811 8774
3225 9381
7222 8635
9147 429
8248 2419
4489 1529
5796 3407
5945 6906
8749 7001
6232 3241
287 5587
4659 8427
5457 3664
9867 458
2882 6894
1098 4924
3275 4523
9009 7084
4109 5989
958 4093
9509 2623
2564 4303
9580 6491
6635 4941
8928 6826
7530 2340
2088 883
1294 8922
4402 9671
4859 3041
4465 1642
6524 6236
9134 749
4506 1499
3516 6504
2021 775
2299 5847
8710 8126
1432 2950
3635 5639
9672 6555
627 3298
254 7511
1998 7388
694 763
4003 5661
6450 3504
9860 2040
5540 5795
2824 5293
2961 2796
7252 639
8351 5006
8874 5380
1713 1788
9338 496
112 7176
7602 3735
5736 9294
2651 8405
2642 8425
5113 3664
8716 1313
4625 3225
3066 1409
7005 7617
8383 251
1503 1239
6521 1263
1325 961
5718 4673
1795 5373
5963 6313
4549 290
823 7585
6425 7341
3438 6804
3067 6395
3739 8144
3906 5388
8470 6162
2407 1377
8063 8398
4121 147
5983 9113
3956 2303
7279 9449
5760 5819
5779 9581
9027 559
8870 9115
2575 9880
5223 6896
3554 3460
8388 1172
3198 2436
3775 9798
2347 1534
9132 5975
1349 957
2236 1703
5356 8097
414 4164
6824 8628
8443 2942
2764 7345
2826 9740
820 9663
2378 8797
6469 7066
1777 6020
2975 1021
1385 676
9469 3317
5318 4787
874 6161
116 3333
340 5162
3621 6734
1681 6579
9306 2720
9093 5270
3966 7486
4405 2607
1883 3449
7711 7040
2377 7136
9289 5633
1415 6176
7694 4464
4914 616
5833 3686
1361 7701
688 4312
3672 5172
3977 902
4572 9005
7139 9622
4254 1517
8440 9817
8111 2187
4072 7061
3829 6740
7641 8895
2812 8837
6723 4494
8459 5936
5358 1284
6314 3069
2314 2376
5134 3830
364 9697
8983 1839
814 5772
106 4733
5044 4113
7973 7641
1138 3097
1418 2099
9992 7198
8170 381
4731 5269
155 8777
1144 404
4328 8831
7778 3669
8919 9288
1947 507
5705 9526
5098 7870
2325 7394
1724 6053
5999 1666
7002 4709
3061 7768
6545 3566
826 4820
7762 4428
8457 6166
8662 9806
6018 7398
8123 3023
2048 8018
4535 6816
3778 5396
1031 3352
685 4675
8313 5156
8938 2754
5820 2389
9254 9029
9942 2871
9084 7180
7873 6897
9408 3915
1767 1020
7840 2857
118 1254
3665 2832
9371 2975
3950 914
4080 696
4943 6846
4717 3597
9283 8107
1952 946
5702 6326
7071 9377
3043 3289
2805 7840
1366 6868
43 8962
9681 8142
7409 9104
9372 160
6364 3372
838 3344
8332 4059
9726 1666
551 3242
6688 1201
5878 7843
3875 1210
3550 4938
3553 3531
1862 9594
97 4502
2188 1518
7306 5913
690 3336
6015 5149
5888 7775
3981 3026
1014 548
9793 8190
8055 639
1602 8147
9720 7349
349 7699
1865 1874
7808 7697
2741 2928
2129 1603
6723 6410
8439 5293
3498 1745
8239 6641
5731 7152
9497 7167
2105 6678
8367 4983
6476 6563
8945 4471
4141 7448
668 8634
5164 907
6130 8450
1049 6691
562 5719
1675 1868
6128 7066
8506 629
7350 4238
652 2389
3245 7904
5158 8982
6989 2329
9836 679
202 5928
2759 2931
1026 9812
2290 4402
3510 7357
186 1693
4455 9728
1891 2238
1817 7072
5822 9402
9376 9507
3350 134
1315 5812
4210 3269
2086 1761
1715 5654
453 3927
8884 7582
7344 311
5497 5674
3501 5802
7212 6406
3644 8921
6732 6455
2929 5165
5112 5233
45 53
2968 1156
3331 793
7022 9514
3928 7929
4089 4912
4454 6542
2695 8786
5029 9049
7831 8787
9830 3047
266 4955
9589 1715
9419 2121
8300 1284
7361 1036
4893 119
2556 7359
656 5977
3934 7236
7144 3490
4433 4552
2252 7878
953 8138
1886 8397
5162 3511
3428 5091
9904 54
2130 3617
5851 9952
8366 7310
5259 55
3311 6408
8938 3335
5237 5836
7725 906
8154 4520
5097 9782
6000 3495
6054 7458
8924 881
142 4850
6824 604
3976 1483
6273 2968
8938 8434
3394 2366
1285 3583
2124 8057
1365 8763
6428 5035
8867 237
735 6795
7720 8922
3479 6890
6432 331
4110 2458
6080 5495
2928 4257
8282 6635
6789 9164
2924 3086
5023 4190
5599 6937
3535 6773
4836 5026
9067 6402
9886 8115
9068 4126
7492 2491
7675 9007
3615 7828
3816 348
3887 1121
9933 6936
6232 9664
811 6080
9555 1044
9079 4884
6614 8508
2616 507
1495 7060
7837 6612
6147 2327
5971 6139
4680 3331
7326 6565
4436 5919
2572 1414
2526 6403
1467 678
6659 8691
1919 3798
6053 1998
7913 9950
2442 9856
7234 3090
3792 1098
5244 2718
1725 7924
5794 2703
3672 8142
6204 6758
5050 615
1962 188
6613 6651
8822 8857
874 4221
7970 3749
827 8846
7300 870
3768 3811
722 1431
8753 3448
588 1625
5115 6322
636 4577
8487 7807
1800 9224
765 1392
1784 4606
7710 3594
6815 1747
1895 3598
6415 8895
4558 4106
1492 7510
777 2799
8060 1051
6878 8636
5417 4236
1922 2355
6472 2933
8645 8113
9920 8244
5551 6823
505 1176
3459 6595
3341 6573
3450 9251
4082 2971
4892 1493
2936 221
5377 7716
1488 3235
8216 8737
3778 1533
7299 4259
5377 268
7509 1938
2133 783
250 6121
5483 438
6323 9590
9877 2132
6055 9380
772 2863
4253 7410
9898 1382
3444 7365
7596 3791
7153 5913
9080 9422
4650 2442
1918 215
3220 549
3775 2348
1160 2070
4767 4940
4209 3164
8996 2510
5604 4349
219 3717
425 7253
8609 3207
7184 3205
7167 2923
7971 7531
4640 1418
5911 5745
6433 3554
4834 2598
9171 8689
845 4211
8820 5043
7454 9930
6555 419
6283 5179
64 3366
1729 1267
7734 3777
3106 4925
3161 1906
835 2372
5574 3176
1249 6573
8273 8294
6974 5860
5602 1321
8388 7566
4108 2167
4340 7843
4032 4141
584 6792
3254 6469
1179 7111
6861 5730
5973 7122
3056 1606
9437 8683
2729 7697
6487 7305
9587 7440
54 5675
9419 3398
1682 8955
2396 9661
5117 7662
2527 7625
5863 8392
7057 9825
5620 977
2709 3332
5288 9266
8341 9382
5331 933
9717 2944
2532 9544
3500 7416
3846 6319
1904 4557
7812 2611
9637 1889
3679 3600
1535 4904
5982 9744
7129 5336
45 7333
6585 1463
8960 738
899 8297
1677 5968
1922 464
8020 3049
5602 5452
7801 1703
729 7240
2359 4768
3344 3039
5909 1688
2246 4007
6546 4789
3972 4525
8231 1181
6808 1140
3888 8329
7861 6294
5381 4414
6861 9151
8750 1493
2729 3960
7734 7374
2115 2274
1057 9864
2248 6560
9286 3577
4376 8015
7812 2100
6588 5183
8614 5673
1874 5617
4359 8150
8341 178
3195 4234
9495 7731
9974 2617
7789 9400
6016 1662
5425 7268
3673 532
936 8682
5942 5515
1571 35
9943 2354
9719 5882
2629 3550
6236 2337
9407 5697
5506 5529
3244 858
8912 3251
1205 5219
5499 7236
1289 3093
2532 9552
6918 7223
5698 6759
3448 7433
7018 9645
7502 7987
7471 3023
5680 315
7998 7237
484 5589
3059 7392
774 3329
292 2772
6502 1441
4454 6598
7815 5936
7049 2594
3311 7118
3128 8514
1785 8624
658 1821
1995 6495
3469 9282
3845 8277
475 7807
8875 4763
7639 9289
6825 941
8021 1732
1518 1604
2556 7912
4802 377
4025 1340
7220 6734
3596 1324
1440 3407
2487 3065
2098 2475
7561 5568
3468 2879
9600 359
5162 1640
7608 3278
4978 6000
9999 2576
5386 7937
1872 9058
5334 7448
2825 7437
2231 5084
1768 9805
7408 6258
9343 2772
2810 3446
454 6013
2151 2425
8582 7556
857 4585
5462 6751
1485 8721
3407 7793
7283 4892
6862 7023
434 1660
105 9189
4096 3654
52 1302
5833 705
9018 1191
1411 6442
7240 6706
9721 9800
6339 8156
6204 6928
260 3163
434 2171
1708 6814
690 5755
6200 3953
6638 9722
9272 9625
4779 4308
6909 51
9466 881
7590 1936
8195 2580
2082 1042
3819 332
4093 4043
556 5889
6431 7419
3102 5879
4635 6866
6126 1607
4292 1558
2024 1043
7380 810
4891 1249
7934 8681
8696 451
5396 5415
9624 6886
7333 9162
7555 7700
4054 6985
7730 7945
1881 1322
5729 1101
3600 7365
2245 6043
4723 8815
5845 3672
1594 382
7147 5753
5157 8772
4046 4561
8433 639
3697 1941
6650 5050
4530 1393
4893 4489
3062 9770
4403 7234
3221 8679
4709 2562
937 7154
3566 1922
1370 6999
466 1364
895 5397
5461 4259
4690 7707
4550 8705
2115 8088
2929 3088
9859 2965
1947 491
8899 5402
5418 9268
7557 4480
360 338
9117 1056
806 1397
6930 3060
358 713
5418 8647
2559 577
2883 8894
8591 6333
1824 8347
5192 4182
7181 5189
9186 8872
4761 4987
9299 1402
7342 6625
7862 2845
5702 3756
2928 6901
3722 166
3172 1295
7882 1351
8682 5088
5765 3150
8158 158
9418 9235
1525 2749
373 6249
8665 9468
3854 5054
8692 7651
2543 3771
9805 1649
9971 2658
6750 7182
9806 1942
2589 1226
4322 3368
4655 4427
1148 909
2666 6520
3321 4475
9914 8403
9147 8685
6945 5146
8272 4949
665 240
9029 5255
1681 7061
1576 5176
3323 8359
4316 7190
9421 3748
8933 8758
1082 9984
9413 611
5809 4721
436 9441
2963 9686
23 4192
4304 8836
7776 9682
4195 1967
8687 3623
1204 7416
5238 2023
2028 2879
9209 9826
6485 8635
6592 9469
8366 2010
5585 477
8808 4179
2501 5723
4548 3869
5400 8498
8980 1538
6136 4993
207 3368
493 7687
420 6032
7778 7798
6639 5043
6045 8163
542 3171
504 8374
8705 3365
4254 253
53 6813
9451 793
7360 4015
1817 5024
1368 6460
5965 6405
8506 5606
3724 6086
937 2162
4568 4727
4533 7953
418 4213
3878 6748
3607 2764
9594 4988
9272 6952
7686 6149
8816 656
2110 1692
1363 5545
121 5146
4650 1756
7544 7196
7469 2396
2052 6962
533 8512
467 4478
235 2004
8752 8260
3358 282
5173 3210
1509 901
1629 6036
9066 4896
4323 9972
1754 768
8821 988
8802 3444
7454 9095
5693 4599
3311 2722
853 7901
2531 6744
6982 7031
6780 8648
9900 1317
1838 7992
5038 5799
5407 7933
9403 2934
1996 3147
960 4534
5443 2244
8014 1825
9787 5139
2497 5685
7021 6258
5586 8833
7271 1333
3383 9638
380 238
4569 879
4938 5814
5458 5037
1683 9957
6061 3270
7604 8360
796 2543
6108 5437
8340 3
5165 8483
4026 7758
8886 8799
6804 2610
8045 7694
9729 4168
6598 5086
3444 1664
8617 9595
4832 3198
1033 2747
1179 7973
36 5146
6732 8409
3819 1974
9254 7626
9213 4974
3401 1285
9778 7333
9199 2907
4785 194
6745 2629
657 5150
6354 4224
3569 9013
3646 5296
2944 6758
7679 379
8071 7665
1688 7677
9277 9031
501 7218
5862 1874
2228 394
151 3133
2232 2036
8897 1074
8855 2151
7343 6569
6002 8628
8517 6735
8001 3061
6534 6932
4123 7559
6869 8645
3830 8943
6242 8879
797 4398
1909 9875
7413 9866
8068 8597
2706 9425
2675 2836
9896 6481
3155 882
5299 9220
3721 9742
7779 465
830 6048
2592 506
460 6884
6022 2162
5300 7906
6350 3899
6580 3760
1660 3517
3710 6016
6491 3588
1758 9828
1675 8655
6035 5299
5771 6817
7127 9146
9000 4887
2787 3374
9529 2064
8824 3375
4593 4469
9421 4976
7853 379
533 925
3154 7070
2902 9012
9356 4343
7851 5793
2763 5728
5450 2027
8256 8791
7012 7408
5282 2441
8534 2657
5122 3534
4440 7835
6546 2667
4338 9508
6071 7083
6697 1216
7056 3907
721 9372
7542 1901
8743 6444
7779 6131
1425 5658
5162 4713
7485 7507
8608 194
1140 6508
2318 6952
8672 7193
4434 5305
4455 7655
4231 8337
2276 8960
5500 113
597 3531
3895 8327
3888 4711
9336 7727
8989 1651
7680 7675
1026 9884
7490 430
8198 7993
5337 6026
5063 2593
7601 3100
2675 4392
6210 34
8495 6873
1509 461
1559 6691
3988 6598
9829 5988
9035 3360
5989 8397
7780 2771
7523 8965
5648 392
9978 340
6369 6577
3212 897
9690 4676
2655 3770
7804 4478
9193 6780
9417 6933
3811 4367
2643 1848
985 2644
5200 7045
2296 2572
5684 2504
108 3341
9743 478
9052 5256
8146 6612
9728 5055
2786 8022
3813 6151
6528 6696
4386 2264
9901 9679
4831 9869
4113 5513
3717 67
1190 3983
3675 7493
5649 8319
8261 5084
6971 2654
6116 5311
2045 9143
2294 5402
4651 6436
6128 9003
9946 375
3787 1106
9266 294
2185 3983
9793 6202
5517 3035
5550 8070
8766 3581
441 6677
3570 9572
7079 9015
4745 6
9449 5033
352 9101
9606 3948
5338 8806
1882 6616
8545 2909
8940 8232
4317 1652
2968 2550
6403 6759
7639 9131
4348 7489
2288 2923
2746 7671
5950 6874
4411 7908
829 8738
8222 6028
8154 6910
5828 7580
5694 872
7657 5189
4291 3434
7739 8083
62 5192
1328 1521
3626 9857
962 3196
2467 7547
1552 580
9269 2433
9530 9411
3382 6351
4086 3240
5193 1778
3424 2868
4114 1166
4257 2703
425 2554
881 6792
1316 5893
9884 1158
74 2462
6812 9413
7650 2227
748 9289
2060 8335
1625 5561
7007 6278
3415 8665
6242 2466
3530 1206
6333 737
2434 2444
902 7433
2991 353
8731 2157
7390 3981
5895 2217
9183 4395
3263 3493
2947 2915
3397 344
5268 8383
2310 7453
9574 3537
4009 9326
4839 3103
6920 6004
6063 3017
5010 5634
1911 4197
4099 9161
9559 9933
7603 9858
5019 3058
3697 8551
5450 1892
4146 8808
133 9289
9956 862
1696 3299
2747 8581
826 6529
6131 5270
4334 8564
158 73
4533 4752
6957 4262
9664 126
8038 3139
2582 6249
5274 2141
7394 3951
8388 3867
5388 5262
5896 6691
3527 7285
3563 6760
1215 7855
5577 8169
8422 4325
8646 7482
6226 542
3211 1306
1904 127
7306 2538
4101 1085
8341 762
7521 414
4647 2201
2844 3251
9855 2081
3504 7766
6697 1039
761 3190
3628 230
4828 9609
8875 8145
5426 9770
873 9175
5963 8658
7994 233
3249 7705
1368 8230
10 3867
734 712
4910 4916
5700 6589
5201 7715
4873 2879
9550 4760
9638 1295
7996 9668
610 4792
250 4427
5267 2682
5406 3811
8400 2414
5134 5912
5384 81
9333 3345
3381 1522
6245 8793
5243 3542
8379 416
2808 6742
3528 2548
5289 7920
5476 189
8085 7922
5012 9982
1109 5500
4495 5624
1604 2322
4412 6354
5773 2865
1850 808
9363 8754
2248 9366
7452 2840
4556 7039
7397 3258
1823 6768
9595 95
4521 8556
9643 6081
9428 8075
5895 2060
9577 9684
2018 6687
3838 2677
8897 977
6984 6575
2797 5029
8315 269
7698 7735
8538 9493
4610 2262
5525 4044
1439 6805
1946 7270
6074 2285
2197 1707
6873 8140
4076 1283
6484 8560
1203 996
7494 8795
3336 6973
395 9145
5841 3471
2987 9505
1231 9786
3793 539
2512 400
3212 5228
9573 3031
5388 1453
4251 6624
2140 8035
438 5619
2404 7963
7086 6077
5136 7746
8222 5380
9519 7200
2450 2362
5146 2337
9825 5296
8334 7284
5562 9497
5626 6807
4262 9606
9554 383
5590 328
7794 7093
2468 4235
219 8777
4006 4062
5968 6553
4137 1912
7941 9635
9916 4278
1249 7634
6613 4806
5462 7396
7652 6725
7764 8319
1574 9647
5184 6878
1397 472
474 194
7267 2601
1368 8298
3050 2467
7300 3635
2436 6554
8658 7062
6779 1711
2398 8730
7327 8444
1531 7079
8005 3646
6099 8802
1161 8174
8641 6310
1341 3368
7415 2456
3823 1375
9344 1817
7137 3203
1177 1489
7095 7383
499 6821
7151 9159
5802 402
7745 986
9027 1805
4172 4571
9788 3325
9578 7389
4101 9308
1770 4156
3744 9948
1868 3442
8844 7591
7178 3253
7486 5099
9952 180
5888 5687
7998 4739
9793 6348
813 3634
7219 373
9986 7528
7970 1878
3020 341
3886 1129
9901 5669
7752 7526
3124 5130
283 131
3908 4972
3487 7777
7417 1226
9663 2313
6658 4327
5089 9293
5727 3881
6592 594
9416 4387
1769 1979
8996 5751
2061 9973
933 1091
2898 3095
6204 8792
4357 3124
6613 5565
1533 8072
215 4679
929 7362
7139 9575
5464 3626
7090 3547
5067 3171
7182 6186
6587 6371
8022 4684
1358 9758
2167 1817
5296 9890
4204 1408
186 8349
5766 2204
7699 979
1249 8306
6574 6245
1504 1657
6605 6061
831 1446
2661 7191
993 109
8675 3670
9912 4119
4610 9949
9643 0
6509 2876
3550 7159
5358 7073
5667 8122
8629 4178
2080 4585
6497 6653
5118 9370
3637 1356
9225 1041
5647 9513
8448 1476
2237 2059
1224 9663
6253 441
6964 7545
8815 8776
5534 1916
9926 6721
3130 5990
9811 6552
8908 8870
3557 8591
3507 9179
3642 8917
6929 8123
8560 8495
2927 5497
245 5379
4995 7226
4807 4998
4150 4828
1502 9998
5126 7482
278 9514
3369 9974
1906 4534
1154 1289
5302 3198
9521 3278
6432 2126
8133 714
4930 5988
1442 6251
754 7560
1843 6807
3655 3957
3370 7345
8700 8410
6124 387
6025 6633
5919 4592
4061 7223
9256 9308
5672 617
3638 7031
680 9902
4488 4979
4300 8888
7132 673
7833 3511
9317 4446
4099 1747
8052 4893
9767 6512
1777 5162
2361 800
1093 5515
3918 116
1639 1293
2475 4150
1054 1361
9634 2261
5552 2097
8010 9050
7358 5438
5359 8524
8417 798
8860 3838
4420 6596
175 9411
1397 7311
8422 7052
4265 7440
2001 5946
6081 5037
3988 9743
3656 2
1234 1027
5684 8858
9649 7023
8775 3648
2764 3561
829 7801
5102 9357
1638 1241
6959 7890
8585 6547
2133 6308
2422 8935
4520 3803
7453 2578
8205 3010
8124 5548
3582 2047
5548 9126
2259 5910
1399 8420
9914 6313
4518 8729
7052 5800
34 1907
3453 8106
1600 8691
1326 3264
5617 9474
2629 824
2706 1624
2308 639
4526 8909
6356 2208
7252 4380
316 7577
9052 4214
5450 2189
3485 6133
8709 5875
9065 5859
4164 3348
6048 6698
1482 434
5004 6890
1782 3303
3641 3402
1756 8177
6230 906
8227 8522
4567 8460
717 8118
3643 5850
3068 3692
7575 2202
8858 2314
7654 5660
5297 9853
1010 3349
4670 6148
8580 5921
1045 5723
2116 3838
8258 7597
9657 9237
4708 3839
4632 9613
5333 863
6950 4744
3979 8406
6970 3055
5862 3895
4595 3137
7742 3167
4264 349
2380 888
3061 8992
1224 9153
4869 6280
4000 6137
5823 9208
7159 3582
7217 8324
2501 2908
510 9230
6134 472
2976 8213
267 9666
2207 2175
2424 1684
3442 5059
6104 3453
5876 9674
2677 3547
3314 2219
562 1043
1938 5936
9902 183
5362 8434
6781 555
2529 7153
7151 596
7080 7412
1625 8080
8163 9717
350 1858
6321 7627
6128 89
25 7140
5712 8750
2333 7297
7256 4235
65 5457
2783 8953
690 2705
4924 6833
195 7088
1838 768
2857 7781
6826 2502
9073 3696
4404 6336
7904 3498
2775 3723
9561 818
3090 8223
2681 6254
8603 2807
5066 7533
1790 8877
4092 3213
5715 5734
8273 9593
3089 4862
1616 963
5373 1033
4336 9155
1284 8397
2897 8339
5154 1631
8892 1944
2398 6230
3256 9757
4197 8152
9998 6269
1651 7319
3836 5433
4821 356
9780 7425
8419 5502
3558 4391
5537 3363
2732 9506
5441 3190
6495 557
6788 1219
6719 971
2301 2646
3944 7420
1171 8212
888 627
9189 5608
8532 1001
7575 8517
1373 767
3351 4963
8790 6359
8423 6946
3777 9515
8762 6372
7863 7652
7065 6077
5584 1766
8952 3258
4412 3044
8402 5467
7058 3973
4434 4645
8434 1693
1503 2071
9209 3216
6496 739
2680 2198
643 3622
2598 4663
7993 4891
2010 9260
5780 9568
4330 9328
1880 5708
4362 414
4230 4572
9398 3184
3178 65
2797 4525
8613 2030
5615 131
6880 7649
302 4412
5620 254
2715 7940
4212 5513
7089 6128
267 5074
448 2095
3478 6145
8061 581
751 6419
5053 5876
2609 2914
5020 889
7862 9821
371 5559
5402 6991
4136 1620
236 7697
9389 8856
5304 1405
825 442
