1000 1000
2614 4820
7791 3119
8110 6285
3679 5011
9318 7199
2124 7380
4650 5730
8956 1693
3512 6400
2948 6110
9685 9934
7245 5616
1850 8362
1511 6875
1853 7269
7302 6695
474 9666
7199 4405
7514 3325
8534 6621
6965 9460
4041 2715
1312 7513
7540 210
3881 2326
3166 9934
4746 7555
6466 7992
8410 5304
5098 1037
3942 3897
9607 1673
837 3620
5635 2553
7652 8877
6858 8877
7087 9610
4571 210
5246 4137
2060 8412
8580 3306
2238 6397
3696 2761
7809 1733
7000 16
9923 9188
3677 4901
9404 7322
8543 7718
8424 3298
8166 9298
1021 6708
892 8552
2050 4209
1300 4150
7138 9572
1513 4557
2087 6883
6588 1012
2231 8327
5697 5008
2731 133
2371 4199
6524 7654
3707 6653
1657 5134
9854 6753
363 8095
2801 5375
4844 6702
4783 4223
6600 3353
1607 426
8927 9622
4222 1807
7046 2604
5274 8974
5081 5573
9240 2715
8425 7402
5205 9380
2721 9647
9137 6347
1365 7679
8696 889
9380 6685
7378 6554
9388 2739
666 2498
9356 7535
3164 869
5647 8596
4116 9299
2351 3020
7337 4395
7677 9246
946 7646
3421 2106
8617 5099
4060 4064
87 8555
7559 7794
4700 104
5054 915
5938 8234
6405 8583
9982 6858
9220 1923
622 7794
162 9202
6596 4935
9412 766
6146 8270
2672 4113
1872 6854
8269 1721
9006 8011
824 4227
1975 4109
7880 2922
6148 5036
317 4127
9081 8980
9581 3934
1386 922
8315 1611
137 3435
4808 2512
5795 2291
3480 6594
7125 4863
6837 7131
1137 4839
3303 549
974 8140
3949 4047
7047 3432
6858 3141
3149 8460
8790 1887
470 4465
393 8469
3486 5869
2309 8648
1241 2278
2862 3033
435 7911
2268 7839
3987 1859
9084 1323
4775 8438
1191 560
4600 4998
2146 5680
9397 5275
427 6480
3876 952
2837 6144
8584 8485
9711 6828
5564 4063
3362 4057
6884 3796
5799 7977
909 4331
9949 9660
570 9942
5217 4400
856 8492
7527 4154
5448 2481
4641 9126
4605 505
8156 5313
2941 2345
526 6195
1177 8833
5691 3989
547 3579
8669 2587
2722 2197
1709 7425
527 2843
9917 5441
1544 2479
5114 9080
645 2132
6911 3369
5037 6317
6657 2263
7348 526
7318 1893
88 3378
829 2845
3005 2432
4401 1293
7205 1504
6713 6007
4830 8604
3032 6445
7782 9754
7512 3329
30 3901
3628 7902
3057 1004
648 5714
2386 2378
301 4127
4060 778
3099 4652
6081 6552
3454 5186
3346 7469
3757 1130
8532 5338
65 1231
1706 9400
4651 6545
5461 7105
1917 7984
7938 3974
5451 3626
871 2951
7272 3362
2761 6924
9615 2857
5530 7347
8024 9757
6877 4485
5572 9256
8564 3613
6452 7336
8099 4398
5674 3267
1188 787
3893 5474
1856 5743
56 1927
9702 3022
6353 8891
3623 1286
3224 2891
5471 9457
8076 5748
1344 8
5688 7509
7971 4629
4977 535
2321 8414
7929 2946
1058 7720
9112 9982
1309 5160
9465 3396
2790 9611
7404 1576
1355 6524
8457 537
7421 4914
2180 9710
6804 2444
1973 1630
1956 8705
9027 5035
3265 5744
8358 7165
685 9220
222 9331
6224 2458
180 6714
5870 75
1500 5360
6508 4051
9720 497
6497 6013
8992 3741
578 8110
4356 6928
1853 2360
629 190
9385 4315
1809 4705
3222 1141
2794 8615
5349 4959
5409 1585
6959 7551
223 5793
8894 2758
5899 5963
2175 8864
8790 345
1247 7661
6675 1745
8801 2961
6361 5377
5894 7530
6597 6495
5834 1172
7091 7419
8854 4971
6646 7607
1130 4203
9351 1015
4135 5041
5272 6701
6652 6166
614 497
3107 5633
5185 2792
2989 5209
7262 7557
5979 3362
8250 5666
199 2328
9665 929
7873 46
8258 5469
6675 5129
8898 6871
8971 612
1064 5580
9369 742
2140 1951
8870 8154
4578 5975
9653 5234
6371 3163
5615 7451
252 9279
404 5575
1186 2622
437 8769
1216 1751
9741 6101
6336 6958
4066 8356
6281 3478
8554 6664
5465 4555
5300 3285
1669 5880
3265 2676
101 8005
5292 1247
4231 7183
6126 1845
4430 3560
9140 9057
4907 6593
6406 7790
5733 1304
2796 2448
2476 9977
7794 6281
7470 5288
9013 5852
1723 5306
6432 5705
8807 9207
7404 5860
411 9702
6280 8774
5459 3896
2702 6251
7445 7889
7874 3988
9416 9647
9550 1885
5080 3617
719 7899
7191 8382
9941 408
7494 6999
5201 9364
3549 3593
4448 4530
1837 8686
8463 856
4669 4357
4614 9610
7649 619
4338 1708
7207 3582
9737 4685
3037 1239
5230 1609
9401 1756
2236 8381
2664 1272
7388 5751
5722 8510
7071 8324
8366 5587
9616 5815
2741 6532
6767 6926
7924 8016
8243 7907
3173 5122
9214 261
5514 35
234 4743
9668 6283
9116 3305
5848 5113
5679 7198
6827 1785
5523 4802
9058 7241
9831 6274
914 8281
66 5971
6982 329
7012 9500
1119 6538
4090 1753
492 228
2803 2808
9042 5535
1311 5568
3436 691
6310 5400
6401 6861
7425 2202
1884 7737
8006 9537
844 2535
3250 1347
1131 3443
9178 682
8991 9291
3867 1441
9533 8254
505 8520
7280 1637
3117 1632
2769 8389
1405 5845
6859 7026
6444 1767
1245 218
7784 6718
1191 4842
9328 1435
4030 1848
9096 7630
4235 7887
5849 2833
9719 4762
2427 865
271 8333
8984 3320
7837 8616
1802 2399
4023 7952
157 2207
3623 8212
9062 2234
4135 3375
7963 5539
67 1049
3250 1093
7310 9894
7562 1388
3634 920
4953 2054
2632 1717
8169 6368
9363 2219
7498 3647
2366 8070
6692 6754
7508 8943
276 120
7084 6392
605 5771
4809 7188
2228 2046
6294 7820
1824 2212
7520 4536
5210 2596
6591 978
404 5603
6457 9451
3006 9294
9114 1647
3775 3417
2815 6974
905 9001
4039 1796
2972 6873
8583 2479
4244 5005
4327 1315
6273 2002
4707 7495
306 3910
3218 3051
625 8955
5785 3730
9208 7619
2807 2964
8063 6174
1180 9974
2370 8623
4260 2844
2740 6688
5385 9828
7039 2835
8456 5586
2989 1866
7987 9285
4084 5268
3499 2887
84 6180
4084 1371
2457 8331
9420 2959
5843 2932
6807 4577
5907 5775
728 9306
1924 36
8128 1337
3467 4968
3319 2886
9756 2304
5416 3663
7197 3285
3755 3645
1025 2385
179 3783
2535 5808
2091 726
7669 3604
3078 664
7289 303
7180 5411
953 8404
8345 6339
2549 1302
3603 6596
6823 4776
9589 5265
1714 268
9277 9867
6791 3059
6499 2932
8817 385
2510 6320
4644 3660
6092 1379
8314 8125
396 3474
2100 8413
5172 5565
1378 5233
5692 6013
72 2738
5110 3147
4071 6944
9586 3263
2091 3306
9962 1348
5240 4549
4607 3474
5150 1643
5771 2700
9065 401
4931 8376
3860 6217
401 9761
5159 2363
9629 8081
5152 6549
8475 7470
8575 2575
6385 6894
6639 3402
8173 2238
1613 6073
536 1355
7950 3934
9405 1579
2451 2195
343 718
1338 4177
2001 9909
7989 1867
5506 1608
291 9873
8351 570
257 3786
4799 6723
9772 4591
7219 3382
3285 2143
8085 6669
3339 960
7906 9633
5030 2945
9556 9027
5162 3113
8050 2066
7615 6499
4825 4418
2032 6546
3912 8170
2115 2771
6310 159
2310 5649
1317 1862
5238 2221
5579 2723
1869 5495
1205 2789
3465 1683
9849 6819
9256 9932
4723 7969
9884 9848
2566 4704
7053 9694
422 1310
5993 52
5090 267
9954 6583
3456 5344
7827 845
8989 7293
9271 7616
1983 9362
7191 2302
7032 387
3793 359
8370 2977
7350 1809
420 366
6893 5721
3336 4420
39 6382
5004 1604
2077 9550
8995 3697
3909 1750
9902 5788
7805 3438
8269 8932
1281 4343
4066 2408
9967 4694
8083 7842
7104 454
5063 8914
9878 7838
2374 1276
2577 8446
2457 2061
2576 9774
9665 7513
4258 6916
9656 4384
4723 25
926 9402
2917 782
7762 4035
7659 2604
9592 5898
713 1176
5045 200
9147 5052
3698 586
6271 4327
7191 7969
4628 942
3945 2129
7163 5652
7753 6866
944 1445
2395 6179
4804 2041
5869 7437
6929 2778
8621 9993
5895 3445
2065 8190
5029 2096
737 9680
3256 4487
7986 5793
9615 4481
9837 5810
5358 7028
8404 9836
9002 1887
831 6779
9014 8775
7679 816
6627 7930
2281 4554
3036 2459
9402 9011
6992 6635
9092 9200
260 8312
7393 7964
5329 667
4152 1608
3507 4146
7787 8904
1236 6188
9199 2291
7001 9895
6634 6251
6890 1416
861 5668
3252 6495
198 3556
3464 3777
9066 122
2208 2249
3472 4583
498 8810
145 9848
548 9504
2246 5832
4136 6483
2246 7147
9710 2349
7506 7469
4405 7094
433 7364
8294 8799
7912 3004
3826 1183
2174 7079
1944 1490
4868 164
9065 4269
2311 7517
1525 5071
7040 5856
8494 2384
972 863
2390 1040
8536 564
8996 3110
7728 4037
325 9611
3442 1585
2247 7231
6133 8244
4102 5992
7773 5151
5691 4530
4485 4922
1356 8394
546 2528
9223 9930
5547 6078
8569 8592
9662 8765
9037 9693
2879 8536
2351 462
8146 6730
6338 4241
7228 8826
2322 273
1418 826
8380 6124
6525 7672
7584 3842
6729 5138
9474 2830
6699 9525
5619 3788
5076 6376
6067 5512
5718 3703
5578 4137
6359 9588
1698 5441
652 1626
1650 4708
920 5659
7088 9394
8364 6567
9465 147
701 922
3665 1429
8066 2597
763 5375
6955 2298
5433 4137
9840 2984
7443 7239
3235 2566
9662 8379
6514 3314
9269 1154
6587 9531
4343 2117
6833 1623
9088 5020
5213 118
2604 4672
979 57
8574 9617
4331 5217
2980 61
6772 4416
1361 828
5797 2418
7840 5760
6510 3894
674 2647
9821 7116
7844 9257
6490 2024
7527 7360
6509 2314
2296 5510
4722 6367
3591 5846
1286 5611
1708 9082
1631 9391
7874 1180
8112 9826
9209 635
675 6202
3706 4163
8887 8399
3464 2053
5248 3042
8156 4487
901 8647
775 2237
1622 6068
920 3727
7993 6483
8879 3394
7727 9537
7331 7825
6596 5983
802 2474
8821 2140
6628 542
7799 9395
2456 4075
6090 3032
7602 8812
5924 5966
9266 192
8790 7443
1423 2152
8715 9348
5917 1743
1850 7441
3290 2918
6614 8912
7001 1359
8931 115
2392 4410
5550 2598
4295 9197
2738 9073
4749 2426
7667 4054
6319 2773
1960 1620
6097 5363
478 2494
6260 5379
8899 7503
8380 3806
4943 1157
2863 1698
5264 1304
3010 8308
115 9537
1537 8533
5526 5260
1658 406
5654 1908
663 1836
7057 6707
6858 4124
8100 5460
1974 3109
1820 6893
8386 502
289 9136
9863 9011
1104 1208
715 5273
1472 3063
8947 6582
9703 7774
1582 7227
5327 8636
7634 6783
2543 4005
4509 5253
7883 1307
9871 4930
5588 5646
5091 3307
6338 5095
8040 4252
4389 1553
5038 8535
9710 6150
2310 1446
4551 2011
5557 318
8359 5033
4211 307
5717 7513
8892 5205
6764 7709
6721 9187
9543 2253
3227 7776
3163 7108
8974 8904
5635 55
2674 9793
781 9861
6170 7559
1774 7460
6130 102
2791 6248
8774 4361
5174 7512
9384 3528
9824 8596
6028 8648
5707 1665
1531 3219
9468 8721
9132 7851
6535 5125
5830 3549
4137 168
7911 5298
1234 3791
6535 9056
5183 82
5498 4120
1025 6669
8865 1867
6607 3160
4401 4530
329 5924
1613 7189
5917 7011
2911 6021
4971 8998
4675 7289
6676 5444
7135 6478
3608 9116
4481 5992
9823 6617
707 3260
7728 8131
4296 4089
7949 9425
567 8562
5038 651
8050 780
6775 4718
4884 5957
4396 1222
3506 8108
1381 4396
3681 1463
9404 4072
2371 8277
4875 3167
6505 4760
2891 9425
7653 1253
6000 1608
9038 9138
4547 9323
5474 1610
3176 1798
4482 4280
9624 7685
6493 743
605 4528
4015 4249
9360 1540
7694 2654
9841 6778
9918 4823
5354 1794
2690 6468
6902 163
5331 6434
5265 5489
5082 4006
6506 9655
7818 3252
6484 9623
7581 7810
1917 7953
8958 7807
7412 5721
6039 9203
1542 1158
7430 5093
7979 5985
8500 4443
1329 2273
3672 3010
8612 6595
9332 8104
6850 710
2018 8000
5675 2571
7940 1354
5419 7517
4999 2518
6163 3427
2797 4764
3873 3054
9478 7307
8839 692
6521 2802
7926 3478
9138 3840
3585 8828
8142 8851
8681 3451
2450 7885
7005 9907
9481 8008
4397 3038
9809 7512
3906 8328
5772 3633
9723 7976
2197 6762
6631 1906
4894 74
7488 4971
2084 2964
6610 1568
7947 6239
4134 7383
3885 9823
7305 7949
613 1955
9380 7367
4382 1617
3619 9474
6203 3405
9695 9649
5435 1105
1743 1997
6182 2580
6803 9362
2634 670
4420 8911
8354 3363
5419 1759
9165 5623
4641 9821
7696 9477
279 1280
4753 7318
8351 4248
7118 3201
989 5067
6378 2651
3433 7460
5005 4266
5771 9813
8034 3335
2171 2233
7930 4738
6974 2619
1363 2776
8314 9572
207 3142
1775 9064
9878 5059
1149 7167
5871 5506
8195 4822
437 7282
3441 8021
9303 3229
4772 3763
3325 6601
1059 693
2140 3802
1816 2445
4054 2768
575 3618
6533 8804
6005 218
920 9990
6304 982
2475 3444
7649 5567
893 8309
3594 8141
9179 3146
2489 9222
3529 9531
4833 2321
5835 2256
2335 375
9335 6136
3571 5401
898 93
190 5074
3939 6564
3931 3074
3446 9767
4644 152
3732 1129
2418 5281
4644 1849
4188 8719
2479 7298
1730 9398
280 717
3325 9484
2328 1032
6934 533
9079 7090
5671 6123
6469 2793
9532 585
3139 7260
3805 7504
6004 2953
1534 6998
6556 3733
8714 9978
4827 9146
471 3777
6509 7650
9615 6279
7927 7812
3085 4159
9908 3726
6300 3542
7642 8757
4817 300
1241 8611
9757 8888
7944 2479
2829 3454
5272 6985
2980 9104
2059 4126
5802 8938
2099 6541
9651 7491
1278 4183
1401 3988
7771 4040
9859 7413
6474 5770
8786 1021
1254 6279
7675 3623
2809 2838
219 6751
2212 6634
1409 2567
1083 9773
4412 9528
7861 1955
7089 2043
4096 1250
3106 3226
6436 7905
5362 1912
8665 5401
3438 5699
4735 4763
9470 883
3442 3561
5869 4708
5085 4373
2552 6199
1955 3715
9618 1997
6826 9290
7231 135
6983 3144
8396 8529
5366 2994
9147 4583
2293 8213
363 6944
5989 8227
8338 2861
5990 643
1174 8476
2370 4377
9807 6248
5513 6163
1525 4126
2274 9723
1131 6223
4218 2294
9358 123
9660 1972
7845 9381
1542 6287
9607 7010
7758 8645
891 2294
2438 5484
7197 8703
9069 1645
6469 6068
6362 3677
6350 9325
3607 3208
2582 8274
9889 533
9179 9920
5150 1331
7907 8928
4322 6419
8224 1473
6009 8089
7749 861
8913 535
1405 202
7294 3765
8938 3018
711 1631
9095 7181
7665 1932
8521 7107
3791 7705
4418 8934
8959 7414
3309 4369
3104 2302
8952 4302
1029 9471
5564 885
5395 95
9991 9835
1517 2314
2490 2715
5256 8113
3337 2023
1340 1268
1641 2098
5083 3683
8418 5111
3762 8879
2856 1862
6585 3793
2906 2704
5294 338
3251 1001
6023 254
8451 3895
8553 2121
3798 4180
6470 8360
2875 8616
7688 1240
5159 5968
9509 117
6157 9152
1343 2033
936 2120
6784 6894
9382 8754
1854 9316
1700 3351
8879 5306
9663 3511
6781 7613
4131 9088
4831 3997
1796 7909
7194 7799
602 7209
4052 8250
5426 2454
9583 1585
965 695
6557 4007
582 7154
7400 7670
8330 3881
4567 4993
4432 5832
6394 1029
1399 9173
4657 69
6424 4705
154 6440
6532 8397
6605 4579
9900 7689
5844 5465
3567 5623
4638 5384
2011 3412
2881 1255
6608 8894
2482 7872
6035 6776
9672 9383
8973 9351
7913 8613
9766 5312
5605 5601
8314 9794
4068 1650
5647 2290
9809 5308
6572 6625
8415 633
6800 8730
2498 8186
138 412
9081 54
64 8605
4427 4863
4323 1964
7249 6606
2763 7190
7469 2474
4761 4425
2014 6103
2136 8117
4045 6841
4855 8588
957 9361
4822 8072
1062 6336
9218 9475
5173 2406
7251 8619
3684 8561
3403 6424
4592 4832
9422 466
5127 6835
7321 6723
8547 5764
3034 7495
6421 5521
9826 2251
2960 3243
9302 9967
7625 4429
1211 5047
827 9660
7653 14
4776 6882
2774 4519
1668 7342
3579 3087
1199 71
6299 3435
9819 5876
3726 6783
1782 482
6956 7424
3610 2523
6522 2671
9900 2014
4758 6361
1930 2251
5639 187
2740 117
3199 16
2072 5471
9022 9561
5507 1122
665 9169
3643 4975
6023 5325
6805 9749
7309 6497
4374 7041
3521 7245
972 5385
6362 1989
630 9196
4436 9284
3387 7437
2873 6811
7146 4508
5247 3790
4293 2305
57 5464
3211 5065
2178 9804
2412 7720
604 197
5212 6235
4096 8075
1634 7273
7104 5445
3342 1935
8034 6043
2917 5302
3152 1420
7479 961
2254 9184
715 5861
6595 6902
3242 3302
1242 1731
2810 2123
400 8769
284 5127
2210 5369
8101 949
5130 7652
3792 5848
7375 2883
8085 9539
1846 6528
549 1881
6181 2444
5577 1050
8545 8453
8557 9521
4578 6560
8336 9897
168 2634
8721 7715
579 2556
5173 4526
4228 843
9292 8218
9687 6147
5288 1463
3376 4476
4823 3834
9189 5671
4189 4624
1333 7437
1156 465
3556 9244
5530 7999
163 2921
8149 8790
8111 1742
6802 684
870 6712
799 1702
6284 5216
3315 5498
6930 6341
3503 7416
5957 6369
5642 441
9787 8848
6535 571
14 1910
6394 9302
523 9953
403 5274
4003 3816
1190 835
8674 8200
6715 1085
6201 6029
251 9598
2457 2837
2336 5655
3594 5072
5005 6655
9103 9982
1989 4304
483 9846
5164 4347
1925 28
6814 4730
6025 3481
4375 9808
4815 747
1297 8995
5075 7139
7575 9747
3395 8045
8528 8605
6670 6583
6312 4124
393 5925
6792 7672
393 7186
4680 2555
6353 217
8231 6093
2721 1518
4914 9924
7321 2796
6765 4842
9540 1209
7793 8877
6940 3292
9795 8236
6139 8166
4439 2110
8026 5664
9963 3389
8918 4134
1855 3402
7817 7130
7102 878
4814 7245
2033 3510
9652 1699
641 771
9117 2684
1363 3410
8439 7656
9578 1811
9882 1511
8059 3305
3545 1002
6535 9072
6611 4464
6399 7886
9861 8184
1325 3781
9465 2764
6358 6536
6128 9129
3356 166
3767 2700
227 4845
591 1177
9184 3546
8679 4173
4294 5368
3642 4052
4758 8534
5167 6478
5002 8723
7228 1551
7189 6724
4232 5242
6928 8194
4850 2865
4753 7927
5496 6538
501 9962
4410 1474
5331 8590
9357 8997
5974 2871
7863 5241
1512 5218
2231 7270
9509 4555
6997 6932
8619 3554
209 944
6304 4512
6591 8506
5082 3683
1612 8112
1157 4164
8889 2249
2545 5805
73 6899
4239 5713
9698 3523
616 4246
5391 3402
3280 7744
3626 2157
8697 7522
6504 2123
252 2483
1370 9367
9302 1361
8932 6536
4362 3114
8231 5538
5245 4503
1638 1526
8011 8298
5028 1119
8926 1176
444 123
3318 1133
353 4462
9644 5884
6837 971
148 9857
9778 9257
488 3296
3539 553
3608 2345
4765 4991
4102 163
6048 3604
4527 386
3701 9524
9461 6873
2702 9641
6727 6718
6171 5120
650 5906
5802 7207
686 8631
830 9570
8489 2148
8355 3869
3675 9986
739 8086
1605 4723
8717 2624
709 7232
9400 8364
9120 423
4705 2915
6782 7725
1622 5885
2978 7398
5554 5491
5496 4196
621 3726
9465 4869
8882 3001
9441 9192
4937 524
946 3238
3875 9938
3796 3472
7821 3553
5507 5165
2758 6691
8385 2061
9763 9608
582 5517
2348 716
2478 738
653 5107
2839 2468
1923 8600
609 9554
4651 2146
6967 705
5673 5258
2925 1477
1535 4385
3779 7772
759 9073
8776 9277
9499 3222
5273 6695
5881 6604
3540 4814
7576 9402
6532 3714
6481 6114
1482 1885
5258 2670
8240 6337
8943 5613
4100 9710
9402 186
5951 1423
2032 861
7270 6538
3583 9764
349 2817
9746 118
8288 6318
4984 2476
8990 2293
2008 7208
4910 9058
2184 2403
5949 8091
9433 7480
3764 8345
8492 6339
2545 1641
6140 5328
1454 5386
5635 5538
3421 8041
1350 870
3531 3248
3289 3875
955 4802
6567 4813
2361 2563
582 4806
1999 9455
2993 3842
5488 4789
8766 9584
3407 4063
3376 6943
957 1765
1556 2128
9526 704
5438 5239
2136 8180
1139 8590
5286 7859
2655 8198
8017 7280
5716 9640
8471 6907
1702 7850
1027 8907
1650 8525
1052 5329
5537 8705
673 9215
3887 4192
6854 6020
7789 4727
7536 6125
1299 6565
6716 3979
7827 270
6562 9054
2830 7292
7936 1303
1621 5598
9920 5633
6427 8721
2219 8265
3909 3009
156 3676
398 2958
294 616
1496 3637
7862 8725
811 6552
1583 3533
9172 8757
757 8838
935 5177
1774 332
8769 9029
1613 9808
2427 9734
7146 1327
7632 9315
8138 8748
2110 4053
7243 6628
342 2988
8226 1993
4443 9784
9674 4320
6670 6930
4378 2382
3201 7185
1503 7324
9794 8073
6331 9363
9046 7248
9062 9594
3557 7738
1882 1674
7860 2687
8145 2632
8532 4537
4123 9248
5527 4572
5772 6460
5325 8490
6176 6542
5318 1031
9808 9727
7641 1984
5052 6106
6979 3728
946 3171
3775 1271
1184 5893
453 667
1050 5829
5907 4313
3977 6894
7491 2918
7511 7223
3258 6269
3896 3832
3940 3284
4825 7830
8178 6209
7416 1241
249 9743
2191 9355
1727 3547
9395 9549
8264 1932
9346 6395
9694 3502
7041 3516
9613 9299
3730 208
4440 3395
8173 3575
9897 2956
9548 9146
4700 3613
5521 3322
8068 7443
2910 1697
1249 7206
3053 5779
3231 4199
1517 1338
2088 8303
8535 4832
8259 7384
1708 4986
6078 6797
8372 3019
7162 3580
4726 3152
3159 9929
7020 1583
1292 8431
2356 3514
3209 1001
7147 2339
2515 3794
4254 3095
6650 2645
2306 3214
2527 8042
5703 6409
424 5402
736 8814
2579 6060
2096 7845
3290 7946
749 1194
1628 2827
9147 7678
6605 9210
2131 7018
1364 5170
1383 812
5643 214
6551 7770
9940 6482
7257 7052
3049 2959
4005 8375
9692 8014
5618 5467
6783 3694
4158 8922
4101 8792
1725 6693
4072 976
9715 5248
6364 6398
9447 2479
3679 9392
9530 916
4661 3059
6575 3562
6606 6363
4437 8327
1460 1679
8303 3553
6076 2272
5118 7448
5803 8828
1317 1610
4667 808
4983 5624
7206 3902
2989 7702
3531 6654
9443 8243
1627 6937
4219 1146
3184 7443
9960 2259
4670 851
384 3507
9156 8179
8470 1509
8251 4071
8598 9185
9852 9537
9330 1410
4315 8714
5025 3839
7336 2648
8122 2521
9304 6472
6004 4146
6219 8247
9067 8623
8779 6761
1264 2181
9668 6747
6191 8010
6279 5185
7300 1368
8572 2905
3824 641
362 3791
7475 3725
6831 900
6723 1930
71 5680
9857 2435
5190 1312
146 8851
1927 3807
168 1392
401 5819
9250 1507
5302 6726
586 9270
4271 5760
9557 9330
7098 7140
8292 7386
2519 132
6473 125
3437 14
513 7688
767 7603
5998 5870
9998 3517
8440 3473
2604 7807
898 9381
3354 7623
5789 3051
1762 5966
3407 8060
273 9543
659 581
9810 4172
5230 9326
1591 7428
9808 6079
7739 9599
6162 6682
9718 602
8477 2146
5407 4189
6111 558
4095 1908
9193 9950
3407 5493
4092 723
2226 924
9579 8538
1986 9291
6454 2071
865 4007
5739 1484
7544 9475
4859 8957
2191 9794
6585 711
1471 9165
3821 3272
3588 1656
4860 9227
7347 3911
6536 5695
1403 5372
3468 4346
7508 5927
489 6481
1001 7394
3332 6805
4547 444
8196 883
622 7559
2647 4937
8471 9197
4750 9315
3694 517
