1000 1000
29 76
42 13
26 30
11 97
64 82
39 66
16 56
43 40
1 0
26 12
68 21
52 59
82 43
65 21
70 15
96 18
32 64
71 1
6 25
96 40
25 54
91 25
34 33
34 94
95 58
84 2
21 42
13 51
87 96
92 74
67 22
36 66
84 4
15 9
42 90
61 57
49 62
54 72
10 0
35 65
61 35
24 50
45 95
14 63
80 62
77 9
52 25
20 41
12 85
82 61
76 92
31 90
49 24
52 87
64 69
11 7
59 50
24 37
84 1
97 26
82 11
85 87
76 50
3 40
95 65
8 78
61 18
1 89
60 59
40 4
4 44
3 80
61 69
59 56
71 22
4 69
74 32
86 63
63 58
31 39
85 17
29 14
10 49
85 62
70 64
30 8
29 69
47 58
100 68
41 64
18 50
28 12
10 49
56 40
61 58
89 97
11 25
0 10
71 75
34 86
56 12
68 21
32 57
29 55
59 17
72 38
42 86
10 56
80 16
5 14
52 80
99 36
76 81
67 32
48 97
95 19
84 62
41 34
51 33
50 29
59 100
2 39
100 94
81 86
20 52
17 63
66 7
95 93
82 45
66 36
53 57
87 86
97 26
67 55
81 18
35 28
72 56
77 9
60 97
36 80
71 93
45 9
60 56
30 67
62 2
89 92
92 79
35 44
42 1
67 52
29 5
20 29
24 1
90 82
20 70
45 100
97 32
36 78
45 75
56 10
84 16
86 54
73 89
54 69
13 66
44 88
8 81
79 51
26 77
72 94
41 21
48 73
5 16
78 25
81 56
26 60
44 47
44 53
27 77
62 36
26 74
84 98
67 7
24 92
81 59
60 97
47 37
19 30
78 62
6 20
98 62
59 37
62 80
71 60
50 80
10 79
30 62
96 29
24 98
89 21
18 17
83 84
23 53
50 59
18 81
64 100
87 94
28 88
27 29
57 30
71 49
19 59
96 39
43 96
57 1
87 50
18 47
95 28
35 55
55 72
84 77
44 68
24 97
72 75
25 71
87 3
94 23
69 18
84 55
78 11
77 65
52 26
40 0
53 83
52 74
47 85
88 12
76 59
43 46
1 94
41 37
19 15
34 10
17 68
45 51
97 42
29 51
45 72
91 55
45 38
64 40
21 90
91 29
8 86
19 11
3 7
87 85
100 81
44 36
98 71
39 60
2 48
23 22
12 98
22 96
23 70
56 89
35 63
56 64
33 86
58 96
13 23
29 39
38 14
5 41
38 1
5 10
5 14
81 3
47 15
75 72
26 11
2 80
57 29
46 68
57 76
50 13
28 75
97 15
55 57
97 8
93 47
73 78
73 20
2 55
33 87
64 53
29 42
43 100
47 77
55 60
32 61
99 49
92 78
64 98
69 72
3 100
69 100
15 41
49 41
65 49
22 38
96 38
33 90
59 86
24 97
35 96
47 32
68 89
37 32
73 99
80 84
76 13
11 68
98 12
30 19
26 65
15 6
12 67
70 1
12 78
49 86
32 52
53 22
100 6
56 57
70 14
52 88
89 45
52 6
40 9
58 66
97 23
18 19
100 38
4 86
55 8
23 70
53 97
73 56
79 76
5 78
4 97
70 97
89 39
50 79
78 98
22 50
27 44
31 87
29 78
88 97
82 5
31 23
40 37
24 35
25 4
3 18
5 4
91 100
6 90
79 26
76 27
78 100
40 59
93 38
16 77
88 23
21 13
83 49
71 50
77 91
73 82
7 35
45 80
72 81
62 84
46 19
40 68
22 16
48 3
86 17
60 73
50 0
19 82
50 28
17 7
58 64
20 26
7 46
79 23
99 91
75 51
36 84
56 16
14 82
83 46
28 67
68 51
45 53
28 28
89 99
62 21
20 50
89 92
61 59
16 66
64 76
12 65
53 82
9 57
83 1
32 37
15 83
46 14
3 46
13 66
20 68
28 9
58 45
65 28
72 83
59 80
69 6
28 13
1 12
50 33
74 33
85 34
29 4
21 82
53 14
27 68
54 59
5 63
93 62
68 24
65 15
31 42
77 39
51 30
95 91
48 44
48 94
25 59
74 9
57 17
81 83
8 24
98 23
94 19
59 27
79 98
42 56
0 27
86 64
29 81
58 53
72 41
52 85
91 22
83 30
52 66
69 98
21 73
71 34
80 38
84 30
0 52
69 68
37 31
53 62
24 64
10 61
20 54
78 27
12 7
41 1
74 59
54 43
42 41
36 9
25 70
5 32
28 24
93 48
6 30
64 73
70 87
9 92
32 33
80 71
2 9
50 12
51 18
76 87
73 97
27 26
59 96
17 32
75 28
68 3
39 43
18 17
44 54
90 33
6 65
93 0
38 79
88 78
18 22
22 47
46 28
1 61
59 90
28 83
61 15
18 48
57 63
26 17
55 3
23 25
78 89
10 44
51 20
24 95
67 38
17 61
41 49
60 12
78 30
100 32
89 47
26 48
51 32
4 9
37 1
41 75
13 74
30 7
26 59
32 30
82 19
57 4
55 19
13 72
42 94
0 7
80 76
74 17
39 4
12 57
30 65
100 38
31 88
69 23
1 20
59 93
77 21
27 89
58 67
97 80
25 52
29 66
30 56
93 19
84 59
59 1
36 83
8 1
78 81
70 83
23 90
87 81
26 85
40 100
2 70
75 58
95 69
94 91
94 23
16 33
46 58
68 1
94 73
84 45
0 16
40 72
97 2
70 59
88 67
67 92
74 82
70 98
32 66
27 93
90 16
85 66
3 39
41 43
24 70
29 23
67 31
62 95
29 100
9 51
46 13
95 67
54 64
14 57
32 94
72 53
10 36
41 6
73 82
42 72
44 57
75 39
3 38
9 81
30 8
61 83
73 41
47 100
17 1
21 30
67 84
5 28
24 87
37 97
92 57
70 56
46 68
44 11
23 3
58 9
27 22
46 51
15 10
14 70
29 48
42 93
73 79
32 86
18 51
35 66
68 27
7 3
63 82
52 34
81 70
81 8
25 55
73 22
55 74
90 91
56 66
30 52
58 37
13 7
81 27
77 85
27 79
32 23
97 6
34 81
87 95
72 18
2 30
97 39
48 88
37 42
21 93
54 68
22 13
4 81
43 39
10 21
97 67
61 92
15 86
46 15
100 25
26 37
33 42
73 11
71 60
7 70
19 40
65 45
51 62
17 89
78 3
41 76
85 14
49 36
6 29
39 57
25 48
1 58
18 14
64 75
73 30
15 36
50 8
81 54
0 51
36 32
33 41
92 17
82 12
33 89
56 83
22 22
23 45
51 57
16 14
13 81
39 90
94 17
24 96
100 62
36 72
85 70
86 13
11 57
64 51
83 20
10 72
9 71
72 49
48 68
58 48
41 43
52 53
17 49
75 15
1 87
3 82
0 57
28 22
79 56
23 18
77 18
40 92
53 64
70 10
9 11
85 56
86 40
100 32
72 33
21 25
45 47
72 35
57 90
55 26
58 75
39 38
61 14
23 75
38 96
5 48
25 44
36 99
8 8
70 60
88 71
100 79
12 97
100 45
12 69
28 76
77 10
27 16
45 70
65 34
38 8
77 79
23 79
89 48
60 95
63 8
32 58
19 80
60 2
33 53
69 44
9 67
82 26
0 13
82 88
46 53
93 43
49 0
64 32
73 55
72 12
57 87
46 70
66 29
59 91
19 43
52 100
20 51
68 39
27 64
59 43
100 86
91 80
23 7
91 77
80 37
6 19
26 59
21 21
82 56
72 15
47 56
87 54
21 61
71 74
58 54
98 55
100 83
40 83
96 44
82 3
33 12
43 62
2 76
98 45
73 20
52 60
46 4
31 21
87 59
52 16
20 8
42 100
63 45
35 46
54 18
43 71
28 51
37 10
6 6
16 24
73 93
64 25
62 19
83 42
23 71
27 20
96 14
24 80
51 85
92 83
48 95
0 22
30 88
66 63
53 58
67 58
8 37
32 41
99 13
73 98
75 33
100 8
10 35
21 6
33 33
11 1
83 89
48 79
33 85
99 66
53 73
0 67
46 97
35 82
1 41
68 21
17 68
32 82
31 42
89 58
59 6
75 2
94 89
49 42
95 24
92 26
6 90
3 78
52 23
77 78
26 14
96 40
59 95
56 22
12 87
85 13
20 17
89 25
26 81
73 18
42 66
3 73
91 64
42 35
23 28
3 26
63 83
42 64
37 30
3 18
9 47
0 71
89 26
60 58
74 1
19 1
16 98
97 99
21 41
71 86
6 93
78 13
47 44
58 3
62 64
65 15
80 38
52 61
98 91
86 13
40 28
94 93
3 83
8 50
91 54
0 51
6 60
17 88
67 64
75 99
99 83
68 16
50 70
65 86
16 25
30 18
27 83
89 32
0 67
42 93
22 74
94 72
56 7
95 70
64 4
7 37
14 79
5 71
81 2
36 89
59 15
100 16
5 29
5 85
89 76
52 80
63 94
86 28
64 36
49 37
56 45
31 78
32 55
56 90
58 97
8 69
19 48
54 26
34 7
66 29
62 46
59 65
82 21
0 66
26 69
54 8
11 82
24 9
72 91
46 87
12 35
40 54
91 62
67 39
14 63
38 42
81 73
43 16
42 78
91 92
5 90
88 58
70 65
5 77
80 40
91 58
81 49
6 58
64 60
56 35
8 66
91 94
76 75
36 43
37 14
88 86
28 44
73 73
22 72
34 60
63 42
13 76
34 18
42 35
8 58
46 94
71 83
42 2
47 34
57 90
94 81
25 42
79 92
47 19
8 91
32 83
12 62
18 61
93 56
38 89
85 31
52 10
23 89
51 56
50 34
91 71
22 93
69 69
11 33
50 40
60 55
98 50
6 45
43 1
83 49
46 44
60 84
16 53
33 34
63 8
28 49
27 43
59 94
6 20
85 54
8 47
0 85
6 12
49 36
12 90
68 28
68 27
91 7
85 39
42 44
39 25
17 63
78 83
94 48
59 55
56 66
89 65
64 5
68 9
90 29
65 98
70 26
36 5
28 65
71 55
8 10
36 23
45 8
39 45
80 67
64 11
12 70
94 30
53 55
99 30
7 39
82 89
97 62
45 88
48 72
82 33
35 18
20 77
71 15
34 50
72 34
14 98
11 5
64 80
77 43
56 10
32 17
2 20
81 27
37 35
25 75
93 75
2 72
45 11
75 32
79 9
14 49
13 76
43 0
54 67
61 55
70 78
26 11
94 56
59 83
81 58
20 15
34 66
21 35
30 2
11 50
17 30
43 63
50 32
52 83
24 100
33 63
39 75
4 95
81 87
73 39
33 28
30 12
23 86
39 10
66 80
44 17
59 13
32 71
90 57
100 64
83 14
88 81
0 86
88 47
69 39
94 69
25 40
19 90
79 2
49 73
57 12
38 74
67 11
5 51
9 62
84 53
11 53
7 44
1 35
100 10
33 4
37 94
17 67
63 96
85 22
89 11
21 14
12 52
55 26
7 73
98 66
0 16
19 23
38 81
70 67
93 88
81 26
53 84
35 13
86 21
94 47
32 31
20 76
0 73
82 80
18 21
32 19
37 88
81 87
53 91
47 46
67 55
86 3
9 52
9 69
32 92
66 63
73 15
51 73
69 85
9 19
12 47
11 7
66 92
44 44
40 8
47 74
16 25
34 79
96 61
96 13
27 0
60 31
16 44
55 77
29 77
24 73
63 79
1 60
55 79
33 54
25 45
52 71
45 62
26 84
33 83
56 49
31 17
85 98
70 10
85 94
19 46
68 43
36 4
84 94
94 14
51 77
24 38
15 90
32 100
99 56
39 98
55 34
71 26
36 95
78 84
28 47
38 38
93 35
93 26
37 26
2 51
97 24
25 90
28 59
78 93
11 89
100 26
65 30
12 54
88 61
17 24
17 53
25 53
34 94
18 86
94 27
9 65
32 49
5 25
32 38
52 23
35 22
43 6
53 76
58 17
53 57
32 37
83 27
51 55
27 60
41 94
46 49
79 3
38 76
9 55
4 55
76 83
96 30
80 88
65 51
14 51
31 52
15 43
100 83
74 62
82 85
8 58
18 30
38 6
42 20
11 73
39 46
51 78
17 92
95 90
72 57
48 68
44 45
93 55
54 25
54 86
60 51
22 87
21 68
22 51
34 18
89 10
97 82
65 34
31 15
7 40
97 0
37 69
82 66
27 20
19 28
8 15
27 85
38 16
95 65
80 6
39 83
99 43
50 36
75 59
87 95
41 30
65 6
80 7
90 61
96 54
5 43
92 20
84 60
63 16
3 73
53 34
65 21
89 30
82 81
84 1
29 59
93 20
63 12
83 6
73 6
34 26
19 37
24 59
99 50
31 84
62 34
95 35
73 15
78 82
72 30
76 48
67 51
47 4
59 60
74 79
87 22
4 30
36 74
95 44
73 67
11 87
90 20
21 33
8 94
72 18
7 30
85 64
17 21
96 40
64 81
87 32
44 92
43 26
59 11
44 28
16 40
18 52
9 43
23 89
87 97
66 84
14 96
18 42
100 1
71 19
30 6
93 22
73 72
88 31
12 74
16 94
44 26
30 50
75 81
39 16
42 30
20 56
40 54
1 7
14 12
10 88
96 3
68 27
87 3
23 59
3 75
68 19
63 88
64 54
9 92
32 50
45 88
87 0
31 6
88 25
29 21
0 95
88 43
90 60
9 90
29 43
26 28
19 51
24 71
92 81
62 21
58 8
35 78
40 51
31 13
87 44
26 72
69 93
19 19
81 74
62 29
76 97
94 44
65 8
14 54
1 6
59 91
28 100
54 2
68 50
78 67
10 79
34 35
14 7
50 78
74 25
68 50
39 22
5 49
41 44
46 98
60 36
40 36
66 61
19 47
39 22
69 90
81 0
9 18
7 54
22 92
12 44
50 64
14 70
27 79
99 78
91 53
5 32
7 69
57 15
54 48
59 39
58 83
69 93
47 100
71 0
42 77
48 0
5 40
42 46
21 13
76 54
46 66
54 48
22 33
60 52
99 30
62 65
4 24
65 24
78 35
68 72
0 94
28 69
61 5
80 12
84 6
79 31
79 15
52 90
21 10
42 41
100 80
63 75
42 99
6 87
19 63
38 6
93 20
75 76
84 87
4 46
90 48
17 69
96 25
37 63
99 51
98 17
97 90
0 86
28 43
71 89
91 100
7 17
14 82
38 76
33 6
93 77
79 17
9 71
88 85
49 38
80 52
25 84
28 50
52 72
96 51
67 91
61 79
84 40
33 42
15 29
7 84
76 7
26 82
18 37
48 39
32 24
93 92
79 57
62 81
22 27
37 16
81 59
72 99
41 24
82 53
30 28
18 69
36 40
80 76
100 55
4 62
92 64
1 34
40 14
89 88
2 45
64 12
52 57
96 79
10 52
74 25
10 100
43 42
63 95
55 96
56 9
84 85
26 72
3 45
87 88
4 83
61 3
4 47
96 51
68 98
6 39
20 87
80 48
3 41
97 38
39 63
96 48
67 65
88 14
80 81
34 18
9 58
84 100
36 7
2 89
57 2
45 39
73 94
62 96
88 28
11 35
23 65
39 25
90 53
4 83
38 9
40 41
72 12
9 95
11 30
62 81
71 8
73 52
31 96
83 49
92 63
37 6
68 27
77 32
71 74
93 7
8 77
67 30
47 39
42 64
72 20
80 85
17 4
21 31
55 67
57 27
6 61
93 48
37 13
7 76
46 21
37 68
24 80
87 27
2 68
18 15
75 86
67 95
35 18
88 38
67 75
5 96
75 98
34 77
12 5
70 84
46 11
21 78
25 62
61 95
2 47
61 13
89 92
13 60
92 91
5 88
55 41
35 13
97 15
13 72
83 85
42 61
2 4
5 50
68 11
12 53
55 9
27 89
93 93
89 64
84 66
82 61
11 30
67 51
45 5
54 64
17 62
85 27
54 93
77 8
76 66
7 45
91 0
13 89
64 75
18 5
50 78
35 81
76 70
95 70
58 51
78 95
22 17
13 63
33 94
60 44
11 45
1 70
55 25
5 46
28 11
35 92
64 80
10 5
38 1
86 90
57 34
56 5
87 87
52 34
40 66
3 27
89 61
68 97
83 96
26 26
72 76
69 96
84 63
35 14
52 90
17 85
6 45
33 39
65 61
89 34
78 61
7 31
36 13
91 65
79 69
27 99
70 82
63 25
30 42
61 90
70 77
92 67
6 21
36 58
38 59
67 70
89 83
86 72
55 90
69 65
49 30
100 13
75 82
35 60
12 9
69 27
63 98
0 56
62 98
25 55
81 1
35 26
16 90
76 22
59 2
59 82
18 87
59 94
3 67
92 35
1 81
88 30
97 3
100 88
55 88
51 0
97 3
57 53
82 32
54 62
67 49
67 80
55 56
71 86
10 87
97 82
38 13
46 91
53 87
33 35
63 73
45 100
0 51
60 71
10 37
50 90
54 59
82 60
3 59
79 61
57 88
1 10
45 82
60 7
30 21
51 41
22 46
51 21
15 97
4 64
32 83
11 65
30 71
43 56
69 100
95 81
62 30
93 70
36 96
30 17
26 56
97 85
95 16
4 24
12 64
1 81
54 97
42 79
80 3
41 99
69 48
43 83
23 80
63 94
68 31
71 76
94 46
77 30
97 29
20 89
3 28
43 9
41 21
77 41
91 44
50 91
62 3
43 78
35 56
85 20
35 35
64 43
27 83
54 84
19 84
58 13
64 74
20 68
33 97
66 66
26 66
51 12
32 78
86 12
7 2
25 7
98 20
8 79
84 46
69 84
64 81
42 54
96 69
0 78
80 78
14 10
55 13
81 92
30 28
27 47
75 21
58 52
18 6
8 100
46 5
16 41
73 19
92 26
74 32
5 41
47 85
89 48
27 43
85 19
78 88
34 29
16 48
37 47
57 74
50 13
57 82
16 14
20 55
74 5
71 2
97 31
13 4
62 13
82 61
39 6
4 9
13 80
64 34
54 62
24 57
44 48
18 35
22 100
27 50
46 79
13 26
100 37
54 87
54 8
32 98
14 46
3 8
99 89
39 15
51 52
9 49
