1000 1000
12 26
60 8
72 11
19 78
28 54
10 5
72 55
68 51
48 45
69 55
32 84
59 43
99 39
84 42
86 73
71 15
99 12
21 39
24 32
1 77
55 65
0 31
43 72
24 13
99 44
2 34
26 94
41 96
84 74
94 25
23 59
48 4
61 92
25 9
76 8
32 83
56 40
10 39
24 100
9 48
60 24
62 64
56 51
33 44
89 66
33 73
59 9
45 13
1 60
97 23
100 39
73 6
76 96
78 11
61 26
52 53
48 25
1 69
35 68
13 43
63 9
40 24
32 33
100 81
73 53
99 47
38 1
29 26
16 49
54 71
10 25
55 42
55 26
64 82
94 90
96 46
97 75
16 25
19 24
89 98
100 17
80 93
95 9
39 14
57 30
15 59
2 70
45 83
12 22
24 68
74 26
53 83
87 40
2 9
41 86
25 4
87 97
76 16
29 29
38 11
7 92
33 67
57 3
22 58
61 89
66 55
42 6
12 15
49 71
70 53
27 9
2 8
97 16
46 87
7 73
63 87
36 13
68 59
3 93
40 66
4 3
48 62
38 19
65 79
48 49
64 23
18 56
83 76
55 57
63 37
88 6
39 65
52 30
12 34
79 72
62 64
64 49
67 94
26 89
96 12
46 24
94 77
75 24
29 32
0 28
56 22
43 53
94 4
39 97
40 48
76 28
73 90
36 81
87 24
94 90
39 44
33 71
12 92
7 3
73 26
68 43
37 41
12 25
46 47
42 51
62 56
23 45
45 9
70 58
17 34
1 73
95 87
63 68
66 97
62 12
17 72
68 26
54 90
80 62
51 9
9 21
90 82
89 23
46 93
74 40
23 87
79 9
1 61
92 93
39 14
89 72
42 6
19 73
72 85
5 100
15 73
11 6
77 69
72 61
29 9
22 14
29 7
12 89
5 14
96 95
28 63
34 24
39 31
96 6
32 15
32 44
82 2
58 95
76 12
20 78
29 54
69 96
52 10
68 88
69 23
16 61
31 60
16 20
12 86
91 3
96 34
34 49
3 37
77 77
97 64
60 62
57 15
86 36
26 76
73 100
3 41
16 22
10 24
89 8
53 13
87 62
86 80
37 56
49 32
29 35
11 2
34 9
34 49
75 42
78 35
89 7
98 75
8 32
6 27
59 99
20 86
71 51
56 40
95 44
34 85
91 84
14 84
32 69
17 28
80 14
42 61
20 92
35 77
8 72
80 78
94 88
92 40
52 48
35 44
5 42
12 94
63 31
58 50
92 98
92 51
80 6
72 62
94 7
89 35
28 21
95 73
93 52
30 24
92 80
35 77
3 88
4 80
74 25
27 99
20 87
84 15
59 42
41 97
22 3
83 45
89 9
19 50
12 83
86 53
77 8
57 28
55 10
48 31
21 38
98 49
63 79
93 25
14 2
56 69
17 16
65 14
82 30
47 32
72 46
67 95
70 95
1 5
87 55
2 79
22 2
22 58
96 41
2 56
64 33
58 37
10 67
83 5
88 17
66 29
39 65
12 42
62 23
16 77
73 100
19 19
61 18
61 56
8 1
29 1
15 24
27 65
69 70
23 12
73 62
28 55
31 73
79 3
7 7
38 55
36 77
57 22
78 47
17 19
7 42
24 78
27 10
56 10
76 62
3 44
54 81
71 69
65 22
65 26
45 7
99 82
53 84
89 39
67 5
22 41
98 56
51 69
74 18
24 36
18 60
17 20
80 86
69 39
10 33
39 55
40 66
84 91
27 12
50 37
42 95
85 13
42 91
89 64
1 67
15 17
70 50
98 13
60 21
40 8
77 9
81 32
56 57
63 87
67 65
3 18
4 25
61 19
28 66
19 73
46 38
83 44
75 44
6 39
55 51
8 67
3 80
44 80
67 57
36 84
62 49
21 28
24 30
20 8
2 47
44 88
39 78
19 68
71 73
79 27
98 84
73 25
57 79
90 78
30 14
56 69
30 58
52 53
96 25
24 12
75 15
75 1
89 50
34 44
56 50
84 31
85 1
71 2
56 70
19 48
99 50
51 27
28 53
96 2
53 21
78 47
92 2
18 50
19 78
63 12
22 30
13 38
20 18
4 75
77 39
88 3
11 42
42 19
15 66
30 1
3 59
59 92
11 94
71 63
45 80
2 7
2 63
13 21
89 52
9 11
34 67
46 69
39 51
68 56
72 35
37 12
99 3
83 15
60 48
71 26
39 6
8 94
73 37
64 59
82 67
62 91
89 36
17 20
45 65
26 26
73 98
100 37
19 45
90 39
62 19
15 96
16 1
22 88
51 100
36 100
16 33
58 56
0 34
27 97
68 69
45 37
59 90
7 12
78 55
8 45
54 29
19 79
41 1
45 80
30 48
60 21
87 84
93 46
76 42
57 13
46 29
3 86
38 61
32 20
58 68
93 72
61 69
18 22
39 20
89 11
50 38
8 4
42 67
35 89
3 84
0 52
34 1
32 49
54 20
42 17
37 13
10 44
31 71
94 46
36 0
81 46
23 32
92 43
33 34
40 34
98 45
78 47
98 83
4 58
82 91
49 42
76 91
24 24
60 47
21 97
87 62
32 11
6 58
68 3
26 13
36 70
17 19
81 93
63 35
4 80
1 50
28 34
26 45
33 97
73 72
18 34
14 73
55 67
27 96
91 50
35 74
31 27
63 83
93 57
24 40
2 10
9 39
43 58
32 36
22 29
88 10
45 0
92 44
89 56
22 82
46 67
6 97
86 2
93 2
88 84
92 13
3 84
32 40
47 75
23 33
93 46
72 66
7 36
20 100
41 27
47 23
83 91
83 91
61 35
86 82
84 96
40 38
28 1
82 11
16 2
47 15
86 25
66 28
98 5
40 36
90 28
99 11
62 100
65 93
91 25
28 0
62 77
12 77
12 27
65 55
32 24
50 93
75 39
70 12
59 46
100 89
90 93
44 95
3 44
55 96
72 31
96 92
51 70
25 77
9 23
23 82
71 35
97 2
48 47
41 61
61 67
22 97
58 22
95 85
76 49
79 24
95 68
47 32
75 73
40 22
46 76
28 72
35 89
4 39
37 66
37 94
22 76
60 31
46 17
43 64
22 30
59 72
13 68
14 26
90 90
89 69
89 26
75 67
51 45
79 84
0 7
23 50
42 0
5 68
31 48
60 35
39 21
71 89
23 28
40 92
40 45
76 40
6 49
91 32
76 73
12 57
51 100
85 55
7 43
90 22
92 25
28 30
80 75
39 78
47 28
5 25
58 30
67 81
44 17
90 76
81 91
36 70
4 97
87 53
40 28
22 5
45 92
1 85
31 63
73 98
77 15
39 89
37 66
38 51
10 53
40 3
68 0
21 36
88 17
43 73
36 87
23 58
53 59
39 59
94 43
58 71
84 66
22 4
82 37
11 23
52 25
25 99
67 65
84 1
93 72
95 4
54 86
93 85
14 60
89 46
55 47
62 91
26 5
42 10
60 57
9 50
7 76
19 21
24 36
62 18
19 42
99 82
31 80
58 49
5 73
14 66
73 66
87 96
57 39
37 24
89 69
20 69
62 97
5 23
71 62
66 0
1 39
26 42
83 10
14 90
79 80
85 89
98 1
4 53
93 54
24 86
41 96
39 22
79 22
56 86
44 43
24 39
50 60
49 69
60 81
1 92
8 69
7 35
2 83
3 36
53 51
100 18
25 60
51 24
12 70
64 39
74 30
92 49
30 73
75 30
10 64
75 93
82 0
63 82
59 13
90 63
98 97
47 48
100 30
65 85
27 81
34 78
88 76
6 80
39 66
26 9
35 93
32 4
42 20
94 14
62 1
19 10
63 37
81 99
21 95
98 25
3 97
27 94
91 13
48 84
12 13
68 84
11 34
32 100
37 7
85 75
52 86
45 19
11 44
35 96
6 98
45 47
50 73
61 56
55 4
60 74
72 10
18 69
19 13
39 20
64 68
62 99
5 18
36 43
57 30
67 73
51 23
8 46
25 9
69 90
35 13
73 40
75 26
63 35
95 48
27 88
17 52
97 86
63 56
9 5
75 43
84 23
68 81
84 16
42 99
76 41
100 67
23 8
34 71
61 31
37 13
92 1
80 14
30 29
20 61
37 86
98 59
42 99
76 21
60 65
35 97
24 86
89 95
44 70
8 44
95 52
16 2
77 71
14 9
11 75
9 84
25 58
91 75
44 68
57 81
55 26
28 99
3 20
78 36
49 25
16 77
36 28
100 46
82 63
15 25
26 95
92 98
27 87
89 8
75 21
25 40
99 1
51 25
8 92
9 63
7 83
32 37
95 45
8 27
88 35
24 97
77 76
10 40
64 5
40 71
91 40
44 82
75 23
51 45
71 30
92 15
78 10
89 83
13 68
85 19
92 22
56 43
80 27
62 59
24 83
16 44
2 37
89 6
41 60
89 43
42 84
2 9
1 32
39 10
19 52
37 68
4 18
63 0
30 61
68 56
55 65
88 71
85 98
3 13
44 42
44 30
74 12
70 47
74 26
76 26
90 71
74 43
18 65
57 31
82 8
99 3
55 56
3 38
96 90
90 76
65 67
70 37
53 40
18 78
6 79
14 38
87 80
37 94
87 22
53 76
40 58
98 78
28 81
86 47
10 92
7 32
32 27
94 57
92 32
25 16
10 10
59 5
4 20
94 97
9 10
3 22
28 23
61 0
25 52
77 53
20 62
91 26
68 93
92 100
82 67
36 5
11 7
72 42
64 61
19 70
59 58
26 60
3 64
34 41
39 12
63 66
48 53
7 76
46 48
64 71
77 96
3 9
38 78
86 12
74 34
17 48
30 42
24 30
39 60
82 39
37 9
21 18
41 44
78 91
81 12
72 47
24 75
84 100
26 0
97 74
98 28
30 69
98 61
72 41
43 92
84 70
85 69
26 4
92 8
61 0
3 88
77 76
22 22
91 42
3 43
10 30
100 56
57 8
67 18
47 22
53 53
54 87
13 45
65 65
96 10
25 34
79 55
98 41
78 97
95 48
38 17
92 64
17 9
50 78
80 90
15 62
62 56
23 83
33 86
52 83
2 47
65 24
45 28
27 21
85 25
10 77
39 15
99 60
5 50
73 7
39 99
20 34
8 59
13 47
76 20
49 30
56 58
13 53
26 97
93 30
49 15
62 46
79 17
11 22
69 19
4 50
59 76
29 37
19 34
8 25
70 63
37 24
53 70
95 85
23 19
23 81
89 68
30 91
72 27
48 60
68 3
94 5
37 26
24 84
30 53
78 69
19 28
14 78
36 67
54 54
82 33
5 17
6 85
71 20
59 39
18 33
39 85
41 16
2 77
63 12
1 59
33 39
89 62
70 96
21 9
53 4
81 52
61 37
28 36
66 41
21 17
88 73
80 40
98 65
40 92
8 49
43 100
14 96
94 20
33 7
41 62
21 58
62 96
38 95
99 68
43 72
58 93
99 92
63 99
31 49
69 5
5 38
28 45
57 94
78 96
15 23
98 78
26 25
60 94
88 36
79 52
3 24
49 29
73 44
48 59
73 74
9 47
95 20
60 93
58 46
23 65
90 4
92 23
63 30
71 17
2 71
58 49
58 82
28 33
40 47
41 59
20 16
1 95
45 88
70 7
68 15
88 12
41 54
77 69
10 50
98 69
86 12
97 52
41 85
90 62
53 82
37 49
3 46
94 71
12 2
92 6
60 56
64 89
54 39
17 100
81 47
64 41
20 17
48 97
30 72
10 9
100 10
83 37
93 84
36 40
26 91
27 6
94 84
93 58
9 94
82 53
22 79
28 86
34 87
72 73
0 99
30 67
11 1
25 100
78 97
48 21
84 29
67 72
85 36
30 38
6 79
11 49
56 96
77 73
20 68
63 78
14 13
60 90
65 39
9 30
9 25
99 22
46 97
16 65
23 3
100 20
91 91
75 30
14 63
23 51
73 95
55 63
76 97
36 68
92 80
10 1
36 44
72 76
66 28
2 36
78 20
27 99
52 26
98 29
48 78
79 70
92 18
59 66
69 99
13 18
22 18
8 5
0 89
47 64
43 5
61 37
47 31
85 74
81 45
19 26
96 24
94 41
73 23
56 56
35 48
48 11
78 66
62 6
85 9
40 97
98 68
3 74
26 76
79 6
54 49
9 99
52 80
42 10
64 60
22 61
53 56
66 85
1 76
9 59
45 9
75 77
19 83
15 82
100 96
36 13
31 74
25 34
38 20
86 11
96 29
29 72
37 84
83 91
39 46
45 77
89 32
17 24
33 64
1 78
71 50
63 44
79 29
12 7
82 2
49 12
72 80
11 53
40 47
41 62
83 52
45 41
49 21
8 13
91 98
64 85
81 49
95 94
70 78
0 79
47 1
66 81
32 42
64 14
8 28
82 85
33 51
3 45
10 57
47 57
34 82
94 22
58 14
71 37
7 53
39 94
6 33
30 88
38 79
84 42
0 13
9 53
97 28
97 26
52 56
52 51
79 84
74 31
48 44
16 10
60 0
5 80
37 62
40 39
20 85
33 44
50 7
66 73
77 77
77 30
49 64
94 75
57 26
92 4
21 38
15 100
2 6
37 7
29 32
89 55
36 7
38 31
50 37
47 48
46 47
42 34
82 33
31 11
70 35
5 64
54 31
92 86
44 90
40 60
91 47
92 97
37 18
98 53
80 25
71 27
6 33
31 35
84 78
69 88
100 11
48 9
60 95
0 83
93 19
88 89
65 86
64 75
61 74
99 58
90 56
33 4
40 73
39 41
60 51
15 2
21 8
25 50
2 52
41 0
9 56
21 46
42 85
88 99
100 46
39 96
33 37
80 41
57 35
76 60
44 55
37 57
7 36
51 78
56 83
48 60
22 19
47 31
64 42
7 34
64 19
23 92
11 51
13 69
59 76
92 58
30 98
60 10
73 9
68 85
7 36
22 96
94 100
45 28
87 64
57 70
12 45
61 60
96 76
30 70
48 66
27 37
35 98
4 9
36 89
51 34
36 38
46 46
92 67
13 96
5 2
22 64
86 92
2 90
36 71
12 79
53 9
59 96
91 14
9 10
90 90
41 100
55 65
47 85
24 19
29 53
5 53
57 56
18 93
30 31
92 39
10 54
70 90
89 50
90 88
100 78
30 29
12 90
71 9
41 81
27 9
33 94
48 19
36 11
87 75
18 54
27 57
82 22
45 68
26 24
71 33
64 79
86 97
79 3
68 23
31 35
16 32
75 0
32 69
42 63
94 35
77 4
85 23
20 28
71 75
85 83
54 43
18 18
91 29
68 49
32 22
7 53
92 35
42 17
60 21
84 47
40 48
59 39
99 75
54 83
6 29
81 77
93 99
65 0
33 39
74 11
18 8
9 68
82 13
51 76
19 24
78 2
61 31
27 45
57 72
2 97
82 56
15 18
58 39
78 21
91 19
56 54
45 81
96 57
46 52
76 35
61 86
0 18
3 59
20 22
45 30
70 34
3 38
59 15
18 42
57 67
51 97
82 9
0 83
76 61
54 43
12 74
28 93
46 24
72 9
1 66
14 40
71 97
5 49
56 56
43 94
81 79
3 96
22 73
98 70
67 25
50 69
42 63
2 29
89 62
19 89
11 79
6 58
42 36
96 96
55 79
64 57
77 74
7 37
100 38
56 85
46 2
54 59
2 89
90 27
59 45
71 10
66 89
57 52
62 13
88 39
26 46
13 10
82 60
14 56
26 55
77 89
28 57
67 23
53 54
67 47
97 37
84 38
78 53
25 36
81 44
57 44
32 75
26 31
10 72
28 48
99 96
16 2
91 80
29 38
15 95
93 3
37 53
33 46
43 83
27 46
15 62
94 11
80 13
91 95
66 38
68 58
91 49
45 73
52 48
85 60
60 54
13 6
9 18
90 69
36 2
61 59
22 11
61 26
60 81
35 64
59 9
35 31
37 18
100 57
83 13
40 90
37 28
13 80
99 34
24 76
9 83
69 20
84 85
43 54
15 34
95 33
39 27
12 24
83 74
40 71
17 83
27 9
51 90
60 42
8 97
30 87
51 66
87 18
72 50
32 35
3 27
10 37
96 35
53 15
82 5
95 38
26 83
27 42
34 20
61 1
40 23
51 78
24 99
7 7
62 35
32 58
36 35
31 41
63 59
42 46
20 68
73 41
89 22
78 74
65 43
92 6
52 68
3 12
70 85
81 22
64 43
44 50
51 100
25 65
43 82
27 81
40 5
82 53
47 77
30 46
8 77
96 8
38 37
84 3
85 48
67 74
49 12
55 86
28 26
18 98
35 90
49 41
96 77
82 62
74 53
88 76
63 11
78 86
93 62
85 3
27 79
12 56
46 19
57 50
84 90
44 33
8 67
13 33
90 53
33 89
3 7
96 41
59 39
51 71
46 97
37 81
45 8
76 1
49 14
43 13
82 84
24 89
18 51
61 81
70 49
7 83
19 53
50 95
51 65
7 84
13 31
17 2
93 76
95 84
84 0
41 48
48 14
53 99
21 82
98 60
65 70
53 28
46 22
54 47
39 58
40 19
31 91
4 77
35 17
94 41
89 23
34 24
96 76
93 70
93 80
10 4
10 5
69 38
66 89
16 75
46 96
85 6
68 94
44 30
36 41
10 17
23 21
25 52
42 70
80 71
48 43
55 34
79 48
47 48
88 96
53 99
65 24
96 29
6 49
1 8
16 79
80 16
36 69
23 56
40 66
1 84
75 68
8 64
95 67
61 19
44 30
39 26
96 39
73 39
67 89
30 92
48 39
23 14
76 85
43 68
53 40
68 85
56 100
75 68
48 82
56 66
48 83
13 36
11 75
6 73
56 44
59 54
73 93
72 84
67 86
52 88
57 58
71 79
4 21
0 30
94 42
19 41
46 7
20 48
99 8
66 85
98 91
76 39
100 80
85 58
45 52
90 61
18 39
18 76
37 48
9 42
90 90
89 2
84 50
74 74
45 70
94 38
95 74
24 95
81 5
38 20
54 89
60 53
91 49
53 0
64 78
9 52
36 90
21 61
52 4
31 21
51 97
69 84
