1000 1000
340 583
868 926
390 758
559 690
161 485
833 192
729 476
189 823
779 900
852 64
807 414
949 953
25 51
254 382
377 724
592 810
714 982
934 741
996 133
291 464
740 156
282 202
47 469
656 714
313 638
841 157
212 621
892 489
866 764
502 365
971 277
646 506
937 277
197 472
297 872
961 324
10 344
194 385
316 450
692 845
434 542
456 897
287 432
327 290
166 64
550 511
857 885
626 372
159 32
551 230
123 57
596 889
737 359
43 961
371 323
660 12
8 603
72 786
522 332
388 36
613 81
626 367
563 219
896 575
527 83
369 107
827 331
72 390
481 644
381 550
204 280
466 666
223 844
529 122
465 335
106 663
228 869
913 409
707 383
982 592
738 38
961 537
198 409
495 300
347 61
206 697
45 310
168 819
567 932
768 714
7 255
805 938
63 742
907 645
451 67
675 332
560 572
726 908
724 449
859 373
702 675
38 309
885 338
59 605
383 529
742 422
51 668
172 602
615 784
906 571
357 295
725 515
371 966
445 579
749 744
640 433
860 226
380 721
472 756
796 600
858 570
743 887
513 634
894 72
604 180
814 247
42 660
141 174
604 331
309 80
434 371
256 316
526 806
910 329
924 624
89 73
666 434
298 151
146 154
391 168
908 943
658 761
719 367
510 840
194 831
203 572
488 667
598 419
271 213
600 378
425 462
730 420
733 676
305 4
644 290
198 658
203 413
958 528
427 811
471 754
439 559
40 138
548 43
436 581
635 662
682 245
35 187
109 357
247 131
43 817
803 256
259 594
375 576
852 917
480 409
491 701
110 9
520 278
881 996
853 827
781 142
910 206
219 133
892 447
790 82
314 803
104 768
728 40
43 184
584 846
708 529
492 350
158 882
277 578
665 462
129 521
692 173
154 903
165 361
993 924
778 43
694 655
553 87
477 381
814 997
686 487
574 88
805 287
851 253
866 921
453 12
858 502
427 225
787 82
240 575
591 566
671 32
814 282
987 923
340 847
762 307
535 429
237 200
926 936
98 434
675 516
818 335
657 426
685 177
405 141
220 533
353 853
314 78
579 612
484 183
759 520
354 918
366 593
870 478
357 873
421 885
747 678
703 758
136 790
104 392
349 334
886 181
477 245
482 465
269 965
820 97
363 684
362 901
587 646
280 491
545 970
338 626
667 394
293 123
611 816
463 972
873 298
458 572
592 246
513 176
884 305
829 475
860 808
397 422
914 862
316 750
543 280
915 562
570 568
223 809
76 663
889 181
213 350
843 793
125 349
595 85
940 487
792 757
661 611
85 362
818 807
516 929
871 941
825 846
834 789
255 997
197 223
853 697
885 575
260 776
66 291
935 91
606 770
453 207
373 96
801 425
480 468
805 543
121 299
883 873
682 340
894 425
756 985
849 471
346 246
376 882
583 159
854 675
888 748
613 346
726 9
625 214
606 516
873 907
105 130
579 518
592 873
679 185
916 283
405 486
800 521
64 725
746 543
100 60
921 341
732 559
763 625
369 374
860 212
794 820
379 75
511 690
622 27
494 683
124 753
797 470
376 597
586 610
333 482
599 195
442 79
63 165
433 925
362 577
751 757
991 83
319 39
158 846
255 775
510 272
130 450
572 223
321 35
900 502
194 703
549 473
179 459
797 441
929 812
743 268
666 287
158 440
71 865
476 953
348 248
549 511
454 85
204 353
288 490
978 216
420 754
725 848
394 227
307 181
717 770
466 325
666 641
899 463
538 403
660 111
946 525
835 506
551 206
722 952
487 136
579 140
148 985
219 292
890 247
556 549
690 929
321 974
682 943
940 852
475 226
258 129
413 929
534 86
49 185
431 427
190 125
931 9
989 411
533 303
391 187
107 526
220 880
554 326
437 608
536 737
684 139
290 459
891 26
373 736
487 916
613 596
674 6
1 699
846 539
962 5
909 337
851 987
796 793
992 619
334 321
151 561
915 877
17 256
86 845
824 673
688 763
721 551
93 380
917 332
952 209
343 997
15 23
207 1
201 726
635 667
714 90
22 169
890 517
289 622
347 591
12 960
42 567
11 309
711 601
758 887
625 613
44 137
809 136
257 267
42 902
804 286
437 630
458 958
743 366
73 418
728 923
629 606
735 319
863 572
651 481
180 495
377 392
588 961
968 789
59 237
612 685
722 729
280 150
952 868
198 874
139 657
725 23
10 726
77 845
626 458
469 452
99 35
932 594
752 689
127 542
739 285
777 98
348 15
924 544
507 743
268 848
305 334
584 434
975 733
628 559
876 982
862 159
852 869
87 230
464 883
625 116
67 959
421 378
440 597
184 361
85 590
463 368
232 303
896 399
389 704
56 758
381 803
500 286
663 895
555 394
268 98
295 965
903 931
723 2
214 332
688 82
86 675
487 81
674 293
449 416
391 55
640 580
16 481
442 583
826 668
621 4
105 314
195 119
446 841
969 729
12 282
485 238
386 642
464 127
669 303
559 52
384 866
201 911
110 560
235 485
437 411
168 385
510 613
304 26
880 959
64 366
3 609
185 742
505 305
995 146
606 806
916 803
790 465
558 878
148 280
283 528
721 56
578 486
970 163
792 61
748 994
327 402
364 959
773 10
558 770
253 95
142 278
334 380
434 984
491 328
743 82
495 88
722 559
109 987
519 523
808 32
221 871
939 858
641 785
370 509
718 780
614 857
693 474
465 756
314 742
261 359
359 933
731 991
444 443
55 253
785 374
528 636
882 568
678 980
58 335
638 423
574 874
507 18
692 383
973 149
906 861
892 260
438 896
211 21
586 471
982 131
41 99
75 918
682 615
343 548
838 287
85 842
278 284
175 18
738 843
195 330
202 957
454 712
676 584
245 322
692 217
281 35
872 828
650 992
808 266
915 703
679 134
294 532
256 156
263 111
580 601
983 572
486 997
361 378
159 893
127 988
861 700
863 990
972 234
718 200
171 203
589 113
212 997
224 851
75 799
792 866
295 461
445 562
950 244
968 112
514 543
455 73
318 211
176 546
989 987
597 307
169 142
9 604
940 4
427 719
440 641
200 1
542 775
705 555
264 307
879 127
72 964
602 769
447 26
119 637
126 394
671 17
856 330
409 802
924 660
989 460
531 617
619 27
599 897
231 975
924 43
176 844
8 935
978 685
730 515
925 634
8 511
959 987
437 900
153 20
983 471
105 496
258 224
206 889
146 348
720 852
541 142
794 643
0 279
507 118
879 715
250 242
144 211
754 562
191 939
148 892
860 149
312 577
337 643
832 47
216 278
178 350
496 891
58 73
313 372
329 371
613 537
303 414
257 343
148 980
55 775
836 353
756 865
197 610
90 267
837 33
774 533
14 808
238 64
163 491
461 787
246 47
363 886
305 897
593 15
129 623
887 54
174 212
182 87
686 573
464 678
791 911
858 2
392 5
867 554
934 467
438 932
966 153
474 148
938 544
766 33
451 599
452 786
227 787
743 912
836 678
165 115
162 893
810 336
8 1000
560 393
415 272
230 387
395 611
779 168
880 608
658 835
85 115
960 91
225 602
502 336
452 850
753 120
421 992
84 77
161 567
35 790
610 746
974 93
615 995
539 719
973 664
285 158
148 462
353 729
774 325
881 910
819 89
760 916
728 445
73 771
607 658
160 919
427 428
451 330
669 628
857 150
721 339
478 85
334 628
946 641
984 86
191 639
64 767
513 958
610 379
44 954
682 920
181 624
528 178
758 828
277 744
884 702
315 498
4 677
116 680
325 555
636 216
605 206
200 523
881 496
201 433
367 9
382 204
524 471
231 10
272 240
377 984
156 637
834 336
945 443
61 505
32 483
872 304
684 26
824 465
309 204
932 610
826 634
122 588
265 124
818 39
930 755
887 868
418 869
429 86
425 248
223 581
765 819
667 185
482 767
104 144
109 835
415 360
648 918
44 902
997 669
943 746
263 781
549 231
437 76
522 693
535 657
90 307
439 981
93 751
18 165
138 783
448 937
262 805
132 29
392 698
277 215
268 971
242 974
868 39
883 381
413 601
838 502
604 658
144 907
963 361
173 585
260 775
62 987
673 361
828 338
866 565
824 719
397 926
927 89
140 894
880 635
324 246
724 271
499 24
778 267
884 494
437 863
583 945
390 222
143 416
144 531
545 685
35 222
614 146
771 470
21 595
467 841
232 893
203 761
294 53
204 259
180 335
736 525
55 628
144 223
73 873
448 15
52 416
146 795
568 834
369 33
792 99
276 910
223 585
797 37
809 914
533 183
905 923
734 587
750 809
867 203
951 673
978 349
233 140
405 104
365 816
519 664
716 398
919 388
301 670
4 102
266 538
107 970
585 321
932 848
742 475
309 311
26 645
180 179
355 852
244 337
882 153
753 531
502 857
344 298
812 501
868 47
225 595
924 138
273 268
715 45
845 822
266 682
264 653
8 622
169 988
999 78
971 531
294 541
875 423
600 405
470 851
523 544
280 362
609 337
328 31
667 31
357 412
755 273
232 736
541 796
649 902
626 166
839 670
411 499
319 394
146 313
839 427
315 912
82 839
365 88
535 707
525 394
763 684
721 880
6 322
117 939
758 429
318 339
290 633
186 557
864 766
491 339
184 834
695 788
376 370
739 709
335 649
275 383
209 592
471 957
366 177
755 958
656 259
443 228
615 292
923 544
857 969
862 512
789 884
115 640
184 105
404 57
576 984
859 942
982 653
536 334
560 430
45 986
806 989
487 104
31 127
792 138
901 510
708 809
106 570
774 703
869 900
100 570
231 752
357 632
32 17
856 173
682 432
372 295
41 474
500 513
738 267
185 228
753 994
78 91
110 583
315 438
466 230
770 68
996 280
538 455
864 600
997 55
959 980
661 935
136 707
136 346
352 448
110 154
782 284
892 119
682 577
749 11
801 164
941 293
830 313
800 878
406 267
702 458
889 548
101 968
489 362
777 787
618 850
681 850
843 107
887 58
387 538
919 404
742 388
105 258
528 506
39 12
924 454
88 275
235 717
432 53
552 975
721 201
158 954
631 715
580 983
961 997
968 660
87 354
416 269
818 594
839 527
428 970
929 924
457 905
325 377
413 118
351 639
454 496
574 522
741 823
86 777
361 235
848 910
263 107
71 392
354 424
13 485
125 887
782 979
117 231
158 36
533 151
430 456
608 942
125 629
637 532
375 983
942 57
404 68
461 330
750 812
759 877
190 408
254 172
995 434
684 892
316 602
883 671
778 950
167 569
869 129
284 773
166 825
378 596
971 135
105 557
171 873
78 730
514 301
252 976
86 252
437 551
993 318
584 599
578 393
374 836
390 298
995 994
960 951
561 672
791 843
664 177
366 400
881 372
675 129
243 851
885 273
368 358
551 802
270 542
386 905
5 56
487 579
410 748
505 580
316 223
988 116
914 659
884 577
982 654
39 941
385 481
774 477
503 659
293 139
230 535
259 813
599 388
820 513
291 346
409 56
366 385
230 813
674 220
950 924
45 569
756 692
201 746
654 105
657 724
269 19
629 531
674 62
371 465
133 327
719 50
249 821
355 110
815 409
566 844
171 400
52 353
524 801
134 7
195 257
831 598
973 945
159 15
420 581
11 809
62 630
293 653
639 988
13 873
714 451
748 209
802 62
316 383
759 829
895 390
160 358
173 427
433 50
390 483
567 447
811 937
500 332
630 377
571 147
641 735
183 646
399 156
815 91
180 126
276 512
83 856
17 958
499 304
747 296
897 677
88 140
739 155
612 266
938 119
414 588
986 816
73 817
117 44
313 177
415 938
500 893
212 410
172 650
181 140
549 727
817 666
787 968
621 519
806 162
847 373
367 1
239 394
282 147
519 953
288 607
193 417
983 920
405 270
784 168
868 844
718 880
948 909
569 336
488 480
46 834
193 550
63 775
325 278
51 10
90 488
258 246
39 785
629 590
169 490
349 899
869 918
910 24
738 41
694 537
807 427
42 422
34 161
9 912
369 218
403 941
836 791
261 737
234 431
982 337
990 493
622 310
710 703
29 777
358 760
43 411
875 989
740 56
281 869
294 0
58 727
966 409
904 33
658 227
157 357
442 201
567 876
448 348
424 559
398 606
531 651
446 212
545 62
358 311
118 541
247 709
826 118
118 598
514 224
150 798
559 80
398 814
860 988
792 594
275 868
143 864
119 615
695 748
943 322
63 573
570 705
655 111
285 896
107 873
893 389
972 726
196 851
828 39
248 340
221 968
992 386
125 654
65 974
118 959
657 504
916 725
196 668
928 349
120 574
340 798
456 55
95 174
245 512
633 144
452 536
25 232
819 414
434 29
640 530
170 74
738 666
345 49
905 912
739 1000
366 381
663 484
44 520
650 973
453 969
487 510
335 550
157 227
473 261
609 902
455 758
113 395
653 377
67 628
135 435
933 241
164 451
26 783
989 630
934 515
730 524
234 845
648 398
294 119
952 0
595 623
565 434
436 954
613 547
700 457
811 825
743 394
991 822
988 330
550 701
381 319
512 552
915 569
90 147
882 779
498 848
309 498
899 321
224 713
546 59
910 108
384 518
692 238
135 274
82 453
798 809
375 860
949 294
274 137
678 539
290 254
950 520
992 228
574 988
436 895
182 656
382 603
510 906
481 741
549 144
803 378
237 767
389 726
895 431
553 974
260 946
494 933
732 969
395 385
875 340
786 322
57 521
600 501
356 218
239 595
445 412
572 984
356 98
878 691
846 20
549 66
780 948
678 875
982 387
261 509
881 806
781 105
147 570
621 787
924 334
356 902
949 691
916 141
398 455
279 112
950 9
960 322
411 123
244 194
224 671
581 797
816 819
639 877
451 829
615 47
220 286
861 73
916 836
199 332
536 105
451 725
79 377
943 567
253 186
449 164
986 346
526 222
465 525
454 790
577 211
119 362
216 118
191 451
88 301
832 449
741 559
899 367
133 528
902 607
170 820
880 813
230 144
225 103
799 252
117 83
487 18
281 388
645 533
989 722
640 152
732 712
230 965
422 454
530 664
386 136
334 58
260 430
195 670
597 897
193 648
185 109
718 968
266 18
351 455
778 979
126 80
553 827
903 343
754 689
807 284
854 627
824 492
99 60
241 790
724 126
189 335
872 428
783 705
583 673
0 735
699 496
815 306
114 965
848 734
843 497
149 310
248 553
94 774
129 573
91 683
822 673
31 92
28 357
676 800
883 286
593 296
665 824
880 76
195 430
294 838
347 263
868 314
253 174
689 978
777 988
54 705
909 379
487 83
185 130
592 523
251 289
639 632
825 619
955 311
797 23
584 239
829 679
844 219
3 109
374 859
38 38
642 472
588 797
307 164
804 498
847 45
701 624
137 379
482 357
28 915
793 311
66 54
379 857
655 207
404 925
831 24
318 541
696 213
462 788
460 226
287 804
116 919
337 889
676 914
876 272
247 687
712 245
707 901
153 265
272 210
359 665
204 514
834 853
927 215
924 48
684 79
829 78
85 964
465 23
625 834
139 6
235 130
113 747
54 921
178 498
125 479
478 820
324 709
18 361
590 119
198 892
128 536
384 389
73 889
456 280
524 465
837 842
63 436
651 225
794 309
84 101
451 452
235 29
53 350
291 680
595 949
65 565
257 273
23 708
198 560
865 85
442 869
874 19
366 582
473 33
411 571
251 880
452 471
773 764
549 484
896 540
288 52
114 944
195 865
290 693
447 113
22 702
151 931
74 328
182 91
642 925
645 208
649 977
104 82
565 34
894 610
963 913
69 888
903 841
642 207
435 781
760 885
122 998
947 471
632 244
694 281
588 374
615 46
297 785
515 977
705 91
303 23
623 648
661 918
376 674
220 995
640 429
458 438
885 31
959 497
48 859
905 270
36 486
37 632
663 719
824 592
140 871
421 659
685 260
568 788
832 308
98 912
960 163
532 190
588 352
634 977
224 184
323 409
891 756
125 749
141 796
856 492
462 578
854 548
489 30
582 288
693 589
542 957
958 639
662 10
24 295
978 63
428 789
875 386
973 516
242 132
901 82
528 62
650 933
777 206
446 522
935 173
538 47
417 611
848 913
843 884
208 194
831 93
129 578
57 407
426 285
369 799
915 496
109 253
446 294
188 306
250 106
479 650
812 304
886 592
229 702
945 605
29 949
178 852
387 664
734 148
263 615
153 328
419 384
73 645
921 495
622 564
464 705
21 534
583 568
870 225
9 712
667 358
777 165
989 618
967 912
549 576
527 629
545 765
439 789
846 157
202 160
366 882
362 412
308 990
531 38
697 631
132 906
422 930
972 385
964 424
488 281
415 912
773 549
412 911
227 464
910 566
783 246
804 345
436 695
603 426
3 129
670 509
715 808
718 845
109 199
133 25
494 442
460 82
451 705
842 288
507 827
419 279
674 122
19 804
787 971
663 511
829 838
696 857
614 930
332 467
114 600
158 570
899 428
225 922
62 45
592 981
420 445
382 492
564 981
545 608
683 320
650 789
268 956
620 583
102 264
505 573
109 406
967 279
14 247
114 700
604 801
950 889
996 580
922 480
638 974
21 439
158 811
388 687
21 307
325 317
498 791
812 585
301 464
800 567
483 481
694 533
626 933
528 159
719 102
658 232
323 746
358 863
474 258
591 272
279 530
132 191
93 802
375 111
998 325
292 967
635 394
908 548
199 667
785 803
1 55
310 803
231 688
435 515
920 579
962 758
711 221
696 999
351 876
111 924
784 221
685 194
962 995
846 166
937 279
490 859
905 13
410 963
867 73
410 670
737 937
146 64
943 101
213 177
270 718
0 807
436 623
163 854
789 60
977 89
168 934
523 411
849 226
808 189
751 537
411 427
949 486
246 289
230 929
345 921
824 839
145 23
36 432
913 609
16 39
918 274
489 446
721 787
285 839
328 991
654 376
382 961
275 634
934 870
645 784
542 841
217 930
914 377
285 918
704 209
176 468
696 522
426 747
568 478
154 375
594 510
33 661
373 570
234 822
948 560
728 449
12 416
762 906
140 577
435 694
873 715
906 902
646 254
908 884
726 465
910 975
344 296
730 529
178 572
62 272
702 657
219 964
