1000 1000
813 666
723 50
143 124
974 455
637 722
745 940
168 979
362 39
770 238
76 144
946 860
340 507
895 453
721 690
489 687
641 752
877 680
365 405
673 744
577 982
824 704
313 449
479 161
815 657
644 881
117 605
823 552
223 914
181 740
580 964
515 535
776 93
194 163
264 596
944 726
15 963
431 131
175 269
938 182
61 464
523 533
605 771
132 788
239 947
171 491
959 320
656 519
260 790
221 548
837 360
390 992
752 556
981 409
626 591
32 643
58 998
94 510
232 740
447 384
656 96
345 31
500 121
626 927
420 962
107 163
329 358
758 986
650 512
507 448
281 714
831 937
227 155
181 533
549 921
13 563
92 136
12 963
498 563
461 671
205 580
30 27
779 829
529 223
101 893
583 370
770 726
975 796
12 362
963 400
232 517
202 232
971 987
580 504
816 620
744 642
965 565
71 458
169 28
468 325
839 274
812 650
940 56
656 0
330 752
968 140
88 110
728 374
155 196
364 648
613 846
191 285
278 82
616 289
197 347
725 563
450 985
348 629
934 473
126 837
163 693
669 58
74 309
219 38
153 85
788 356
634 234
57 992
904 175
880 465
256 177
209 745
501 283
624 266
453 347
493 601
278 112
99 173
306 780
178 416
498 783
699 662
120 635
661 527
375 23
824 178
983 335
75 252
419 802
48 606
963 552
32 494
225 829
354 869
760 864
679 687
766 938
302 559
390 26
643 312
321 551
705 669
426 901
754 236
435 309
482 533
177 293
183 278
31 162
788 470
917 961
691 120
891 637
464 778
243 712
875 945
105 1000
102 616
869 328
64 251
792 396
539 223
766 775
269 298
398 323
694 104
988 613
718 47
400 610
986 703
711 1000
548 775
389 825
15 453
146 37
308 780
903 158
724 699
115 388
296 791
225 12
826 734
402 144
637 209
429 275
755 713
335 92
171 237
323 832
274 793
867 937
267 197
655 626
229 330
915 356
893 670
504 637
376 496
680 100
725 751
893 926
71 34
599 371
12 569
255 798
797 483
931 452
505 26
512 209
768 448
476 713
109 763
84 44
50 170
146 472
441 711
58 797
960 365
516 318
285 121
124 574
784 118
859 186
421 712
437 716
799 108
834 129
414 224
576 365
592 637
331 109
815 781
247 677
144 560
197 91
265 326
476 164
896 982
764 641
492 818
879 953
680 168
568 606
368 635
417 644
845 110
16 701
125 277
842 269
418 463
442 144
686 84
229 57
629 814
30 17
434 682
264 121
82 38
387 793
317 58
411 770
823 169
639 908
397 366
837 276
837 217
52 224
159 362
878 177
537 334
817 410
641 735
424 378
418 32
132 142
660 378
645 695
748 724
724 804
553 694
629 82
717 344
779 73
507 675
902 341
395 934
5 366
986 799
750 341
812 329
126 633
270 774
469 223
53 271
595 632
55 90
158 840
591 292
725 335
926 401
122 606
710 104
570 794
453 652
841 741
743 803
930 252
273 239
308 990
772 583
242 705
684 229
688 381
345 706
352 931
59 937
477 826
724 585
646 386
594 79
914 306
951 253
784 430
224 63
731 369
590 231
456 962
68 974
617 8
281 725
979 208
904 371
769 611
844 486
315 956
786 795
514 520
713 647
619 944
136 708
515 740
27 936
181 435
859 477
472 981
666 79
812 501
845 761
343 984
592 384
341 118
913 24
651 519
984 65
708 763
643 701
194 17
441 863
928 186
298 634
490 945
488 660
695 641
607 27
686 949
781 675
478 754
15 316
338 843
667 40
207 726
795 846
641 944
906 898
467 889
141 752
379 960
808 985
323 424
736 462
523 701
255 830
890 651
938 274
459 832
446 969
317 655
71 521
126 26
56 734
923 855
169 112
464 392
194 906
480 794
755 821
559 377
866 323
557 644
381 441
513 589
917 394
716 550
636 999
520 598
208 827
777 754
779 403
28 698
471 555
212 502
192 112
141 830
146 931
33 103
131 56
265 627
142 105
331 642
922 810
668 231
199 449
564 982
978 258
595 164
529 968
389 501
334 504
467 383
604 551
328 510
255 651
343 824
610 55
879 922
106 819
667 412
672 849
549 678
82 574
117 698
8 128
884 730
773 745
991 894
267 877
3 107
404 198
406 934
507 376
167 272
783 243
318 908
62 8
531 95
529 771
1 822
876 189
10 31
10 869
445 764
360 281
666 635
599 947
176 635
627 327
360 164
711 907
300 20
839 749
225 191
717 618
90 28
108 995
391 120
652 940
200 833
594 774
723 430
764 592
206 743
333 3
120 715
110 669
110 234
974 662
745 782
989 841
746 914
580 785
87 943
446 239
293 870
425 427
262 726
207 855
902 128
615 105
595 681
733 27
285 765
796 439
747 974
102 18
843 189
793 501
541 474
503 697
61 110
608 463
92 296
589 361
573 820
603 601
952 37
821 699
209 873
446 24
407 291
891 431
185 838
763 937
389 450
125 112
867 327
459 543
780 527
352 849
854 469
451 666
35 612
945 313
100 809
519 265
437 492
781 794
79 239
533 808
506 564
859 446
811 957
147 379
927 390
360 445
778 516
489 715
717 697
387 164
433 774
860 296
604 875
241 865
913 128
67 397
648 874
217 66
781 122
165 739
529 357
164 206
922 251
998 990
448 836
602 262
878 900
792 232
540 896
922 300
92 734
333 761
241 47
381 899
567 80
570 145
336 442
718 35
375 562
394 297
175 35
279 64
506 786
307 173
827 50
129 903
317 568
933 801
265 453
161 872
704 825
254 954
324 819
35 770
226 292
27 300
909 712
412 327
226 593
178 801
426 445
322 569
816 848
706 34
569 990
484 676
348 587
482 389
267 445
983 275
250 599
81 528
410 4
165 18
163 598
273 361
895 614
244 458
821 23
125 139
743 517
832 785
78 835
110 424
385 316
755 350
813 655
317 714
459 25
813 897
75 228
842 390
743 178
206 424
413 884
499 103
742 275
62 743
770 462
434 612
628 676
433 951
985 666
191 905
75 619
176 871
501 286
641 448
662 370
768 747
335 451
307 466
474 104
856 249
474 396
644 2
94 905
25 530
429 59
365 799
722 48
318 738
500 494
517 469
275 327
913 281
182 368
906 107
335 856
27 399
994 73
903 601
136 304
990 530
136 935
339 905
647 971
980 13
688 773
874 263
505 896
770 634
637 82
550 1
265 878
902 901
647 963
447 728
792 825
853 567
970 506
230 230
533 591
676 369
707 631
883 116
420 728
976 432
201 388
98 104
414 239
597 875
613 525
916 384
433 847
237 311
901 400
93 893
242 848
289 700
715 912
340 406
422 786
400 692
565 562
992 328
118 603
917 991
659 57
59 190
780 538
50 996
83 272
830 506
534 604
573 853
209 493
687 405
159 954
59 249
705 411
990 942
239 64
578 430
470 505
126 212
381 907
752 441
818 969
831 826
746 623
975 954
473 523
322 609
699 18
942 846
90 309
268 217
759 909
525 260
900 780
381 505
583 431
673 49
855 5
513 837
624 592
767 347
690 283
677 193
200 512
612 474
455 987
620 896
517 971
434 7
257 305
64 161
757 755
251 620
818 738
907 425
212 486
637 65
673 172
469 40
668 659
763 581
876 504
454 818
555 46
968 383
282 881
170 113
528 396
403 777
12 486
451 126
662 688
873 620
876 772
67 696
610 738
60 691
852 72
534 97
156 776
931 697
935 137
549 17
193 63
805 868
673 313
865 316
781 945
937 616
347 311
964 774
73 825
146 566
973 587
445 860
433 930
4 568
56 51
554 977
477 136
188 639
248 748
817 746
858 718
314 74
698 439
12 347
829 113
70 99
404 834
891 163
519 216
324 658
123 773
669 862
712 574
100 178
409 717
612 486
591 671
837 201
544 624
153 834
376 280
820 517
175 959
686 692
919 880
157 204
705 148
113 148
928 185
721 314
377 53
837 445
606 382
812 306
554 884
293 471
177 678
359 383
741 982
571 979
257 640
389 717
553 551
896 343
666 504
454 309
823 659
532 512
642 631
674 945
175 346
347 401
455 425
790 106
293 589
822 753
635 931
601 122
527 851
850 408
896 149
290 290
167 337
528 398
544 248
835 762
291 901
672 306
637 569
611 280
795 696
91 509
388 86
557 775
696 162
677 329
309 863
650 299
203 88
756 418
711 820
611 662
757 566
975 548
869 55
407 616
705 650
365 808
403 412
657 132
861 608
741 474
221 11
252 527
306 115
642 237
207 571
703 568
217 620
888 819
105 698
656 659
611 317
320 285
318 595
55 637
223 514
848 687
134 91
48 620
561 908
877 647
343 930
630 741
206 113
719 994
834 224
923 243
572 401
682 650
485 74
313 383
176 600
342 677
352 502
492 865
85 993
181 504
381 450
993 225
323 559
360 568
191 332
494 174
191 739
68 454
444 250
201 380
614 516
645 900
626 668
368 741
635 26
592 725
158 218
693 908
311 758
276 6
751 893
85 848
982 938
3 549
825 773
568 644
305 721
791 105
325 396
8 791
511 155
92 456
177 706
907 422
336 811
74 161
599 354
656 252
34 212
307 570
323 509
137 550
227 445
346 406
706 154
460 41
0 842
831 893
359 964
467 124
712 511
629 189
819 567
573 626
792 869
198 669
842 713
530 435
760 148
346 255
971 573
129 762
858 363
246 599
528 652
329 486
510 743
422 30
742 823
685 566
931 998
910 789
718 477
559 437
625 136
769 848
988 432
31 399
830 480
500 252
517 755
569 905
827 492
829 392
496 928
465 804
256 403
53 81
139 944
228 144
866 805
417 514
597 224
85 474
22 438
511 426
368 114
360 896
868 425
843 161
699 940
8 194
491 223
422 329
441 929
323 517
164 182
289 992
830 630
603 953
18 296
508 515
362 503
225 687
694 877
878 872
262 131
976 474
747 338
708 32
26 964
622 607
696 91
324 795
830 529
386 757
894 905
854 248
968 43
71 155
845 446
918 442
926 118
666 802
906 397
898 911
373 822
136 849
185 613
681 904
973 602
695 142
783 821
849 210
528 77
776 765
29 156
713 618
97 733
230 852
121 483
363 380
515 972
940 500
307 149
411 362
821 869
340 433
12 778
830 809
207 158
251 532
293 124
386 962
942 513
449 955
61 361
623 826
348 368
465 439
567 204
858 35
245 407
623 685
558 572
967 573
785 711
455 810
159 997
366 83
439 965
776 622
488 439
767 990
581 494
14 99
301 191
765 817
860 148
981 960
236 432
525 540
777 730
475 530
173 685
93 51
430 166
738 836
657 349
127 147
3 824
106 864
964 409
30 111
356 62
451 289
136 648
956 267
206 500
495 986
777 377
1 152
340 168
522 419
667 52
307 234
413 55
637 749
752 33
466 603
218 633
911 813
492 186
98 76
547 245
79 45
32 415
896 257
532 644
127 867
502 406
474 485
890 156
388 513
467 105
833 989
711 379
162 820
590 361
149 205
661 969
664 945
627 344
77 0
662 31
939 909
392 348
899 487
444 973
384 460
96 426
957 784
682 917
650 822
898 906
219 849
381 111
641 88
260 297
874 184
180 84
402 716
533 971
263 626
134 563
261 377
360 842
37 163
390 673
583 700
577 53
422 957
608 479
217 451
886 497
573 257
396 336
570 421
180 927
229 402
835 774
640 306
723 393
886 272
603 887
515 476
332 423
167 929
724 122
253 566
994 128
484 100
637 53
459 328
472 994
142 320
915 854
309 724
575 992
797 108
886 2
570 557
158 604
855 882
880 979
623 309
862 328
659 296
302 167
834 394
375 134
881 397
790 866
265 142
264 684
348 292
973 581
714 713
178 515
325 612
176 324
753 173
715 265
436 605
632 812
225 785
7 128
266 973
73 431
312 534
758 102
508 728
241 576
554 496
260 830
871 771
607 136
790 524
457 374
201 835
914 219
730 862
737 469
214 875
324 158
481 221
114 653
126 872
877 326
630 936
792 975
158 386
720 208
405 610
816 108
378 833
958 953
768 741
207 999
932 179
412 710
659 989
396 287
468 315
722 757
612 701
39 705
921 757
287 317
532 210
699 398
829 514
212 629
977 632
729 106
621 79
735 695
524 364
775 448
57 173
825 346
845 743
604 336
252 935
494 549
489 129
829 228
523 811
821 885
17 69
564 348
75 912
691 651
645 56
248 375
381 866
520 485
868 544
847 971
446 531
162 317
60 705
392 936
503 901
940 613
454 938
823 527
4 956
48 820
14 554
228 93
740 351
107 482
462 179
750 175
576 845
404 628
562 208
611 537
509 977
449 307
340 140
406 321
583 554
360 784
60 598
286 751
179 996
248 654
372 108
966 63
828 263
778 191
330 910
428 608
507 592
121 476
503 832
837 99
927 240
822 92
960 522
703 753
907 53
222 752
802 571
626 259
897 628
319 309
552 493
120 209
945 445
350 805
294 858
258 288
405 837
722 579
116 749
435 466
922 770
288 139
203 638
723 785
433 871
296 377
674 69
104 659
743 501
309 904
665 556
205 599
106 108
553 217
168 96
850 439
216 89
280 941
48 799
673 795
540 242
467 313
690 80
897 606
350 278
790 951
23 33
203 936
799 321
82 406
390 35
733 365
320 194
637 780
730 355
384 490
336 431
616 317
133 744
30 627
94 744
595 532
962 367
72 330
931 293
331 838
501 487
794 838
65 590
779 113
454 392
993 888
466 60
603 423
719 837
539 335
200 806
665 834
49 512
337 290
758 656
144 760
862 636
500 176
512 599
100 868
406 318
210 275
531 763
788 179
600 675
12 135
845 126
749 543
737 674
66 862
729 924
750 981
844 889
355 389
529 118
434 813
168 753
741 172
987 51
327 246
344 348
298 606
887 807
905 89
216 110
550 922
272 530
1000 468
921 950
576 983
343 297
728 357
302 851
753 786
456 198
334 456
825 70
416 617
301 420
25 208
916 909
868 895
964 461
336 735
371 706
445 491
636 219
137 84
670 844
511 342
122 47
902 25
694 186
891 198
573 909
110 384
789 9
83 210
660 528
528 50
221 13
36 795
689 512
301 412
627 343
586 421
449 675
439 391
332 390
414 51
987 925
300 684
563 426
904 86
298 271
533 446
550 966
596 631
686 898
290 765
44 649
679 936
870 455
244 232
482 636
88 806
760 370
731 47
590 439
970 605
641 788
613 232
732 92
391 637
626 956
818 926
745 994
634 398
100 663
707 236
952 553
647 206
244 429
745 334
352 927
152 384
149 341
687 150
532 697
840 282
635 773
965 765
988 954
941 706
78 32
46 664
175 60
244 900
128 650
697 544
160 772
493 374
909 387
753 60
89 811
97 377
775 630
765 590
471 751
543 231
244 280
663 939
249 984
8 202
771 275
111 470
115 686
345 306
689 951
290 803
25 902
701 992
835 570
0 612
347 118
558 840
904 714
802 12
165 208
247 973
544 250
502 104
399 986
862 447
765 403
869 971
865 87
652 505
115 123
443 697
630 952
228 441
101 181
537 487
655 819
845 819
834 289
861 579
537 127
256 662
289 214
53 458
95 652
423 791
463 919
795 939
661 752
302 2
103 760
248 734
599 225
813 597
899 505
992 24
999 584
436 974
555 211
391 695
928 928
797 997
732 748
607 325
772 488
93 319
941 491
45 182
8 516
961 275
375 90
82 700
54 125
883 170
993 245
71 971
350 954
113 669
739 184
940 183
463 347
403 274
830 864
736 391
785 182
139 632
279 353
462 921
910 484
283 134
559 884
392 177
945 35
725 588
468 529
602 713
882 524
708 963
728 596
956 480
519 368
300 214
892 83
982 878
326 542
551 226
83 541
5 815
77 359
138 486
985 199
970 21
488 317
618 136
639 282
547 326
37 463
55 349
814 887
194 148
502 938
145 994
715 745
8 478
469 444
834 71
201 962
96 729
593 277
255 941
972 143
349 226
757 862
427 884
942 228
118 135
343 187
439 601
77 352
251 872
981 967
272 224
287 241
842 869
150 893
188 39
448 345
533 779
637 70
423 652
792 996
596 76
735 750
838 853
397 689
857 462
370 989
402 833
47 683
388 886
249 534
808 9
325 674
846 627
133 582
398 167
287 108
940 273
289 421
674 563
477 686
554 423
48 146
853 221
160 749
780 517
591 312
465 948
398 708
563 237
459 365
791 88
467 910
520 66
641 228
940 823
24 883
297 667
800 93
142 524
73 307
431 709
948 711
772 911
0 739
318 275
685 962
783 636
135 395
850 248
280 71
642 444
4 106
107 968
965 415
209 58
712 741
396 81
255 403
190 469
353 607
387 855
508 393
336 456
988 841
725 481
917 445
435 241
789 880
200 922
492 542
608 850
70 899
917 976
230 172
825 918
438 327
919 812
903 687
557 358
166 941
821 491
307 648
63 378
155 566
122 964
476 776
495 292
54 49
386 754
735 824
931 289
834 350
334 64
959 131
239 258
593 61
947 477
325 732
6 601
163 416
80 325
770 200
65 420
507 159
142 530
323 24
851 885
956 848
394 615
813 345
322 381
686 946
943 118
646 590
622 173
287 498
355 762
657 276
476 7
617 931
147 807
813 540
777 301
822 553
43 349
616 781
828 546
953 676
705 308
322 172
597 697
537 426
298 534
353 594
27 936
593 955
282 368
531 625
804 403
626 287
547 69
482 79
400 364
594 306
142 132
484 287
211 552
397 533
52 393
478 339
188 631
610 994
838 166
973 947
875 781
731 940
937 231
965 197
2 876
554 864
683 215
200 972
870 668
244 371
535 735
968 689
226 386
665 66
527 949
293 695
193 813
135 658
929 256
641 234
221 976
353 845
740 967
782 316
391 56
17 245
820 797
976 391
499 607
630 357
103 502
971 603
832 759
19 178
801 177
585 884
283 870
363 176
714 193
190 54
199 738
711 942
712 384
422 146
473 600
153 365
708 232
834 131
873 810
57 106
742 932
788 288
357 66
649 833
204 596
297 694
383 957
212 415
672 648
667 336
254 555
666 952
527 673
414 318
347 139
666 799
198 498
837 343
732 727
403 364
547 378
488 802
843 802
607 971
104 24
292 340
186 412
